,player_id,attempts,avg_hit_angle,anglesweetspotpercent,max_hit_speed,avg_hit_speed,fbld,gb,max_distance,avg_distance,avg_hr_distance,ev95plus,ev95percent,barrels,brl_percent,brl_pa,full_name,player_id,year,pa,bip,ba,est_ba,est_ba_minus_ba_diff,slg,est_slg,est_slg_minus_slg_diff,woba,est_woba,est_woba_minus_woba_diff,full_name,Rk,Name,Age,Tm,Lg,G,PA▼,AB,R,H,2B,3B,HR,RBI,SB,CS,BB,SO,BA,OBP,SLG,OPS,OPS+,TB,GDP,HBP,SH,SF,IBB,Pos Summary,full_name
0,514888,580,10.5,31.6,106.5,85.8,90.2,83.2,410,159,386.0,167,28.8,18,3.1,2.6, Jose Altuve,592518,2015,713,528,0.28600000000000003,0.27899999999999997,0.006999999999999999,0.502,0.46,0.042,0.37,0.354,0.016, Manny Machado,1,Manny Machado\machama01,22.0,BAL,AL,162,713,633,102,181,30,1,35,86,20,8,70,111,0.28600000000000003,0.359,0.502,0.861,132.0,318,17,4,2,4,2,*5/6,Manny Machado
1,444876,553,8.3,31.1,106.2,83.5,86.5,81.9,407,154,395.0,89,16.1,5,0.9,0.8, Alcides Escobar,518626,2015,711,499,0.297,0.29100000000000004,0.006,0.568,0.552,0.016,0.397,0.391,0.006, Josh Donaldson,2,Josh Donaldson\donaljo02,29.0,TOR,AL,158,711,620,122,184,41,2,41,123,6,0,73,133,0.297,0.371,0.568,0.9390000000000001,151.0,352,16,6,2,10,0,*5/D,Josh Donaldson
2,466320,553,9.5,31.6,111.0,89.4,91.2,89.8,455,163,398.0,199,36.0,13,2.4,1.9, Melky Cabrera,572821,2015,704,488,0.23600000000000002,0.23,0.006,0.444,0.38799999999999996,0.055999999999999994,0.32299999999999995,0.302,0.021, Brian Dozier,3,Brian Dozier\doziebr01,28.0,MIN,AL,157,704,628,101,148,39,4,28,77,12,4,61,148,0.23600000000000002,0.307,0.444,0.7509999999999999,104.0,279,10,7,0,8,2,*4,Brian Dozier
3,435079,549,17.4,37.5,105.5,85.6,88.6,83.2,407,189,378.0,144,26.2,16,2.9,2.4, Ian Kinsler,519203,2015,701,488,0.278,0.276,0.002,0.512,0.49700000000000005,0.015,0.384,0.38,0.004, Anthony Rizzo,4,Anthony Rizzo*\rizzoan01,25.0,CHC,NL,160,701,586,94,163,38,3,31,101,17,6,78,105,0.278,0.387,0.512,0.899,146.0,300,9,30,0,7,9,*3,Anthony Rizzo
4,519184,536,3.9,35.1,111.4,82.1,86.0,79.7,389,132,367.0,76,14.2,0,0.0,0.0, Ben Revere,502671,2015,695,423,0.321,0.287,0.034,0.57,0.5579999999999999,0.012,0.41700000000000004,0.4,0.017, Paul Goldschmidt,5,Paul Goldschmidt\goldspa01,27.0,ARI,NL,159,695,567,103,182,38,2,33,110,21,5,118,151,0.321,0.435,0.57,1.005,168.0,323,16,2,0,7,29,*3/D,Paul Goldschmidt
5,430947,536,4.1,31.3,108.1,83.1,87.9,80.1,409,144,389.0,102,19.0,5,0.9,0.8, Erick Aybar,458015,2015,695,412,0.314,0.293,0.021,0.541,0.544,-0.003,0.42700000000000005,0.42100000000000004,0.006, Joey Votto,6,Joey Votto*\vottojo01,31.0,CIN,NL,158,695,545,95,171,33,2,29,80,11,3,143,135,0.314,0.45899999999999996,0.541,1.0,174.0,295,11,5,0,2,15,*3,Joey Votto
6,462101,535,8.1,29.0,109.8,85.3,89.7,83.3,423,153,397.0,145,27.1,8,1.5,1.2, Elvis Andrus,425902,2015,693,530,0.305,0.28,0.025,0.46299999999999997,0.45799999999999996,0.005,0.36,0.349,0.011000000000000001, Prince Fielder,7,Prince Fielder*\fieldpr01,31.0,TEX,AL,158,693,613,78,187,28,0,23,98,0,0,64,88,0.305,0.37799999999999995,0.46299999999999997,0.841,126.0,284,21,11,0,5,14,*D3,Prince Fielder
7,543829,535,-0.7,28.8,106.9,81.5,87.4,78.4,409,126,379.0,91,17.0,6,1.1,0.9, Dee Gordon,451594,2015,690,447,0.25,0.235,0.015,0.41100000000000003,0.35,0.061,0.33299999999999996,0.307,0.026000000000000002, Dexter Fowler,8,Dexter Fowler#\fowlede01,29.0,CHC,NL,156,690,596,102,149,29,8,17,46,20,7,84,154,0.25,0.34600000000000003,0.41100000000000003,0.757,109.0,245,4,5,2,3,1,*8,Dexter Fowler#
8,405395,533,13.8,29.6,114.0,90.6,93.8,89.0,454,188,405.0,204,38.3,42,7.9,6.4, Albert Pujols,594809,2015,689,486,0.287,0.261,0.026000000000000002,0.431,0.359,0.07200000000000001,0.34600000000000003,0.312,0.034, Adam Eaton,9,Jose Altuve\altuvjo01,25.0,HOU,AL,154,689,638,86,200,40,4,15,66,38,13,33,67,0.313,0.353,0.45899999999999996,0.812,125.0,293,17,9,3,6,8,*4/D,Jose Altuve
9,425902,530,9.8,29.6,114.9,90.8,93.2,90.3,447,170,408.0,235,44.3,34,6.4,4.9, Prince Fielder,514888,2015,689,580,0.313,0.273,0.04,0.45899999999999996,0.39,0.069,0.34700000000000003,0.305,0.042, Jose Altuve,10,Adam Eaton*\eatonad02,26.0,CHW,AL,153,689,610,98,175,28,9,14,56,18,8,58,131,0.287,0.361,0.431,0.792,122.0,263,5,14,5,2,2,*8/D,Adam Eaton
10,455976,530,6.8,30.9,108.5,88.3,89.8,88.7,418,151,413.0,178,33.6,4,0.8,0.6, Nick Markakis,594777,2015,686,472,0.256,0.245,0.011000000000000001,0.42200000000000004,0.41600000000000004,0.006,0.317,0.311,0.006, Kole Calhoun,11,Kole Calhoun*\calhoko01,27.0,LAA,AL,159,686,630,78,161,23,2,26,83,4,1,45,164,0.256,0.308,0.42200000000000004,0.731,104.0,266,6,5,2,4,1,*9/3D,Kole Calhoun
11,572041,529,8.4,31.6,110.6,88.5,92.7,86.3,450,164,405.0,207,39.1,31,5.9,4.6, A.J. Pollock,572122,2015,686,529,0.266,0.28600000000000003,-0.02,0.451,0.47100000000000003,-0.02,0.33399999999999996,0.355,-0.021, Kyle Seager,12,Nick Markakis*\markani01,31.0,ATL,NL,156,686,612,73,181,38,1,3,53,2,1,70,83,0.29600000000000004,0.37,0.376,0.746,109.0,230,17,3,0,1,11,*9/D,Nick Markakis
12,572122,529,16.4,36.9,109.3,88.9,91.9,86.1,448,191,401.0,183,34.6,37,7.0,5.4, Kyle Seager,455976,2015,686,530,0.29600000000000004,0.273,0.023,0.376,0.349,0.027000000000000003,0.327,0.31,0.017, Nick Markakis,13,Kyle Seager*\seageky01,27.0,SEA,AL,161,686,623,85,166,37,0,26,74,6,6,54,98,0.266,0.32799999999999996,0.451,0.779,117.0,281,17,5,0,4,6,*5/6,Kyle Seager
13,592518,528,12.1,30.1,114.9,90.3,94.4,88.4,440,180,399.0,219,41.5,40,7.6,5.6, Manny Machado,457705,2015,685,442,0.292,0.293,-0.001,0.488,0.526,-0.038,0.38,0.39799999999999996,-0.018000000000000002, Andrew McCutchen,14,Andrew McCutchen\mccutan01,28.0,PIT,NL,157,685,566,91,165,36,3,23,96,11,5,98,133,0.292,0.401,0.488,0.889,144.0,276,9,12,0,9,12,*8/D,Andrew McCutchen
14,605141,524,15.0,34.2,110.3,89.9,92.2,89.1,427,193,398.0,196,37.4,31,5.9,4.7, Mookie Betts,466320,2015,683,553,0.273,0.28300000000000003,-0.01,0.39399999999999996,0.377,0.017,0.306,0.311,-0.005, Melky Cabrera,15,Melky Cabrera#\cabreme01,30.0,CHW,AL,158,683,629,70,172,36,2,12,77,3,0,40,88,0.273,0.314,0.39399999999999996,0.7090000000000001,97.0,248,18,2,2,10,2,*7/D,Melky Cabrera#
15,408252,524,10.2,32.8,108.2,86.0,87.8,85.1,414,160,382.0,135,25.8,12,2.3,1.9, Brandon Phillips,434158,2015,682,433,0.259,0.265,-0.006,0.457,0.466,-0.009000000000000001,0.35700000000000004,0.363,-0.006, Curtis Granderson,16,Charlie Blackmon*\blackch02,28.0,COL,NL,157,682,614,93,176,31,9,17,58,43,13,46,112,0.287,0.34700000000000003,0.45,0.797,102.0,276,4,13,5,4,2,*87/9,Charlie Blackmon
16,493351,522,8.4,33.5,107.2,84.6,88.4,82.8,412,146,386.0,115,22.0,8,1.5,1.3, Alexei Ramirez,453568,2015,682,511,0.287,0.27,0.017,0.45,0.395,0.055,0.345,0.319,0.026000000000000002, Charlie Blackmon,17,Curtis Granderson*\grandcu01,34.0,NYM,NL,157,682,580,98,150,33,2,26,70,11,6,91,151,0.259,0.364,0.457,0.821,127.0,265,3,7,0,4,3,*9/8D,Curtis Granderson
17,429664,521,5.6,33.2,112.5,91.0,95.2,88.1,449,156,405.0,237,45.5,37,7.1,5.5, Robinson Cano,545361,2015,682,422,0.299,0.31,-0.011000000000000001,0.59,0.594,-0.004,0.415,0.423,-0.008, Mike Trout,18,Mike Trout\troutmi01,23.0,LAA,AL,159,682,575,104,172,32,6,41,90,11,7,92,158,0.299,0.402,0.59,0.991,176.0,339,11,10,0,5,14,*8/D,Mike Trout
18,593428,518,6.6,28.4,111.8,87.6,90.7,86.6,437,143,400.0,177,34.2,13,2.5,2.0, Xander Bogaerts,453943,2015,678,490,0.255,0.259,-0.004,0.498,0.47100000000000003,0.027000000000000003,0.342,0.335,0.006999999999999999, Todd Frazier,19,Todd Frazier\frazito01,29.0,CIN,NL,157,678,619,82,158,43,1,35,89,13,8,44,137,0.255,0.309,0.498,0.8059999999999999,117.0,308,19,7,1,7,3,*5,Todd Frazier
19,571448,517,16.3,35.6,110.2,90.6,94.3,87.9,456,200,411.0,207,40.0,45,8.7,6.8, Nolan Arenado,493316,2015,676,497,0.29100000000000004,0.302,-0.011000000000000001,0.542,0.547,-0.005,0.36700000000000005,0.377,-0.01, Yoenis Cespedes,20,Yoenis Cespedes\cespeyo01,29.0,TOT,MLB,159,676,633,101,184,42,6,35,105,7,5,33,141,0.29100000000000004,0.32799999999999996,0.542,0.87,136.0,343,14,5,0,5,5,*78/D,Yoenis Cespedes
20,457763,512,10.9,34.8,110.3,89.0,91.7,87.5,427,173,401.0,190,37.1,32,6.3,5.1, Buster Posey,435079,2015,675,549,0.29600000000000004,0.28,0.016,0.428,0.391,0.037000000000000005,0.33399999999999996,0.315,0.019, Ian Kinsler,21,Ian Kinsler\kinslia01,33.0,DET,AL,154,675,624,94,185,35,7,11,73,10,6,43,80,0.29600000000000004,0.342,0.428,0.77,112.0,267,13,3,0,5,0,*4/D,Ian Kinsler
21,453568,511,13.5,36.2,108.9,85.5,89.8,81.9,436,185,396.0,147,28.8,20,3.9,2.9, Charlie Blackmon,429664,2015,674,521,0.287,0.29600000000000004,-0.009000000000000001,0.446,0.47200000000000003,-0.026000000000000002,0.335,0.35200000000000004,-0.017, Robinson Cano,22,Robinson Cano*\canoro01,32.0,SEA,AL,156,674,624,82,179,34,1,21,79,2,6,43,107,0.287,0.33399999999999996,0.446,0.779,117.0,278,26,3,0,4,5,*4/D,Robinson Cano
22,134181,510,12.8,36.1,109.8,89.5,93.2,87.0,432,181,402.0,205,40.2,28,5.5,4.5, Adrian Beltre,572041,2015,673,529,0.315,0.316,-0.001,0.498,0.467,0.031,0.371,0.36,0.011000000000000001, A.J. Pollock,23,A.J. Pollock\polloaj01,27.0,ARI,NL,157,673,609,111,192,39,6,20,76,39,7,53,89,0.315,0.36700000000000005,0.498,0.865,130.0,303,19,2,0,9,0,*8,A.J. Pollock
23,607680,510,12.2,28.8,112.4,84.5,88.3,82.6,413,157,391.0,131,25.7,9,1.8,1.4, Kevin Pillar,448801,2015,670,370,0.262,0.264,-0.002,0.562,0.59,-0.027999999999999997,0.39,0.39799999999999996,-0.008, Chris Davis,24,Chris Davis*\davisch02,29.0,BAL,AL,160,670,573,100,150,31,0,47,117,2,3,84,208,0.262,0.361,0.562,0.9229999999999999,147.0,322,6,8,0,5,6,*39D,Chris Davis
24,518626,499,10.0,31.9,113.6,92.1,96.4,88.8,481,180,409.0,231,46.3,61,12.2,8.6, Josh Donaldson,446334,2015,670,480,0.27,0.261,0.009000000000000001,0.436,0.46299999999999997,-0.027000000000000003,0.326,0.336,-0.01, Evan Longoria,25,Evan Longoria\longoev01,29.0,TBR,AL,160,670,604,74,163,35,1,21,73,3,1,51,132,0.27,0.32799999999999996,0.435,0.764,112.0,263,11,6,0,9,8,*5D,Evan Longoria
25,493316,497,12.2,32.4,112.9,92.0,96.1,88.7,442,189,408.0,223,45.0,56,11.3,8.3, Yoenis Cespedes,547989,2015,668,474,0.29,0.275,0.015,0.502,0.465,0.037000000000000005,0.361,0.341,0.02, Jose Abreu,26,Jose Abreu\abreujo02,28.0,CHW,AL,154,668,613,88,178,34,3,30,101,0,0,39,140,0.29,0.34700000000000003,0.502,0.85,135.0,308,16,15,0,1,11,*3D,Jose Abreu
26,543333,495,5.5,30.5,113.9,89.0,94.6,86.0,446,156,408.0,202,40.8,36,7.3,5.4, Eric Hosmer,543333,2015,667,495,0.297,0.303,-0.006,0.45899999999999996,0.478,-0.019,0.354,0.366,-0.012, Eric Hosmer,27,Eric Hosmer*\hosmeer01,25.0,KCR,AL,158,667,599,98,178,33,5,18,93,7,3,61,108,0.297,0.363,0.45899999999999996,0.8220000000000001,122.0,275,16,3,1,3,6,*3/D9,Eric Hosmer
27,592743,490,2.9,28.6,108.9,85.8,90.6,83.7,413,135,399.0,141,28.8,5,1.0,0.9, Andrelton Simmons,467793,2015,666,433,0.231,0.244,-0.013000000000000001,0.395,0.40700000000000003,-0.012,0.33,0.342,-0.012, Carlos Santana,28,Jose Bautista\bautijo02,34.0,TOR,AL,153,666,543,108,136,29,3,40,114,8,2,110,106,0.25,0.377,0.536,0.9129999999999999,145.0,291,19,5,0,8,2,*9D,Jose Bautista
28,453943,490,18.4,33.7,111.7,89.2,93.7,85.5,436,198,404.0,189,38.6,45,9.2,6.6, Todd Frazier,408045,2015,666,486,0.265,0.282,-0.017,0.38,0.43,-0.05,0.31,0.34,-0.03, Joe Mauer,29,Joe Mauer*\mauerjo01,32.0,MIN,AL,158,666,592,69,157,34,2,10,66,2,1,67,112,0.265,0.33799999999999997,0.38,0.718,98.0,225,22,1,1,5,12,*3D,Joe Mauer
29,519203,488,17.3,35.7,112.0,88.4,93.6,83.8,440,197,406.0,186,38.1,39,8.0,5.6, Anthony Rizzo,430832,2015,666,445,0.25,0.26,-0.01,0.536,0.509,0.027000000000000003,0.38799999999999996,0.384,0.004, Jose Bautista,30,Carlos Santana#\santaca01,29.0,CLE,AL,154,666,550,72,127,29,2,19,85,11,3,108,122,0.231,0.35700000000000004,0.395,0.752,102.0,217,20,3,0,5,8,*3D,Carlos Santana#
30,572821,488,18.7,34.6,108.9,86.9,92.5,80.4,433,196,392.0,151,30.9,29,5.9,4.1, Brian Dozier,571448,2015,665,517,0.287,0.272,0.015,0.575,0.493,0.08199999999999999,0.371,0.33799999999999997,0.033, Nolan Arenado,31,Nolan Arenado\arenano01,24.0,COL,NL,157,665,616,97,177,43,4,42,130,2,5,34,110,0.287,0.32299999999999995,0.575,0.898,124.0,354,17,4,0,11,13,*5,Nolan Arenado
31,594809,486,6.4,27.8,108.3,86.5,89.4,85.4,440,146,397.0,148,30.5,15,3.1,2.2, Adam Eaton,572761,2015,665,427,0.272,0.285,-0.013000000000000001,0.505,0.521,-0.016,0.37200000000000005,0.384,-0.012, Matt Carpenter,32,Matt Carpenter*\carpema01,29.0,STL,NL,154,665,574,101,156,44,3,28,84,4,3,81,151,0.272,0.365,0.505,0.871,135.0,290,5,6,0,4,5,*54/3,Matt Carpenter
32,408045,486,3.7,33.3,107.6,89.0,94.4,85.8,434,144,401.0,194,39.9,18,3.7,2.7, Joe Mauer,444876,2015,662,553,0.257,0.273,-0.016,0.32,0.337,-0.017,0.27,0.287,-0.017, Alcides Escobar,33,Alcides Escobar\escobal02,28.0,KCR,AL,148,662,612,76,157,20,5,3,47,17,5,26,75,0.257,0.293,0.32,0.614,67.0,196,10,8,11,5,1,*6,Alcides Escobar
33,488726,483,8.8,36.2,110.1,88.7,92.0,86.7,420,166,389.0,174,36.0,19,3.9,3.2, Michael Brantley,405395,2015,661,533,0.244,0.271,-0.027000000000000003,0.48,0.486,-0.006,0.33299999999999996,0.34700000000000003,-0.013999999999999999, Albert Pujols,34,Elvis Andrus\andruel01,26.0,TEX,AL,160,661,596,69,154,34,2,7,62,25,9,46,78,0.258,0.309,0.35700000000000004,0.667,80.0,213,14,2,8,9,1,*6,Elvis Andrus
34,519058,482,14.2,31.1,112.5,88.6,92.0,87.1,442,185,404.0,176,36.5,32,6.6,5.2, Mike Moustakas,462101,2015,661,535,0.258,0.262,-0.004,0.35700000000000004,0.344,0.013000000000000001,0.292,0.294,-0.002, Elvis Andrus,35,Albert Pujols\pujolal01,35.0,LAA,AL,157,661,602,85,147,22,0,40,95,5,3,50,72,0.244,0.307,0.48,0.787,118.0,289,15,6,0,3,10,3D/5,Albert Pujols
35,622110,481,7.1,34.1,106.4,87.9,90.6,86.2,431,152,391.0,154,32.0,20,4.2,3.3, Matt Duffy,502110,2015,657,421,0.282,0.27899999999999997,0.003,0.535,0.589,-0.054000000000000006,0.37200000000000005,0.38799999999999996,-0.016, J.D. Martinez,36,J.D. Martinez\martijd02,27.0,DET,AL,158,657,596,93,168,33,2,38,102,3,2,53,178,0.282,0.344,0.535,0.879,139.0,319,11,5,0,3,7,*9D,J.D. Martinez
36,446334,480,15.4,33.5,109.2,89.6,94.3,85.7,451,188,405.0,189,39.4,41,8.5,6.1, Evan Longoria,458731,2015,656,447,0.259,0.268,-0.009000000000000001,0.39899999999999997,0.406,-0.006999999999999999,0.327,0.336,-0.009000000000000001, Brett Gardner,37,Brett Gardner*\gardnbr01,31.0,NYY,AL,151,656,571,94,148,26,3,16,66,20,5,68,135,0.259,0.34299999999999997,0.39899999999999997,0.742,103.0,228,8,6,8,3,1,*78,Brett Gardner
37,500208,475,11.4,29.3,110.6,87.7,90.4,87.3,422,168,394.0,148,31.2,10,2.1,1.8, Yangervis Solarte,443558,2015,655,427,0.302,0.28800000000000003,0.013999999999999999,0.5660000000000001,0.54,0.026000000000000002,0.396,0.379,0.017, Nelson Cruz,38,Nelson Cruz\cruzne02,34.0,SEA,AL,152,655,590,90,178,22,1,44,93,3,2,59,164,0.302,0.369,0.5660000000000001,0.9359999999999999,159.0,334,6,5,0,1,9,9D,Nelson Cruz
38,570256,475,9.8,31.6,115.6,89.0,92.3,87.5,418,170,395.0,186,39.2,21,4.4,3.2, Gregory Polanco,547180,2015,654,394,0.33,0.297,0.033,0.649,0.5479999999999999,0.10099999999999999,0.461,0.41700000000000004,0.044000000000000004, Bryce Harper,39,Mookie Betts\bettsmo01,22.0,BOS,AL,145,654,597,92,174,42,8,18,77,21,6,46,82,0.29100000000000004,0.341,0.479,0.82,117.0,286,2,2,3,6,1,*89/D,Mookie Betts
39,425509,474,12.9,36.5,109.4,88.1,91.4,85.3,447,172,406.0,159,33.5,24,5.1,3.8, Jhonny Peralta,593428,2015,654,518,0.32,0.29100000000000004,0.028999999999999998,0.42100000000000004,0.377,0.044000000000000004,0.33799999999999997,0.311,0.027000000000000003, Xander Bogaerts,40,Xander Bogaerts\bogaexa01,22.0,BOS,AL,156,654,613,84,196,35,3,7,81,10,2,32,101,0.32,0.355,0.42100000000000004,0.7759999999999999,107.0,258,16,3,3,3,1,*6,Xander Bogaerts
40,547989,474,10.1,31.6,114.9,90.9,94.4,89.4,447,166,396.0,197,41.6,46,9.7,6.9, Jose Abreu,605141,2015,654,524,0.29100000000000004,0.29,0.001,0.479,0.45399999999999996,0.025,0.35100000000000003,0.342,0.009000000000000001, Mookie Betts,41,Bryce Harper*\harpebr03,22.0,WSN,NL,153,654,521,118,172,38,1,42,99,6,4,124,131,0.33,0.46,0.649,1.109,198.0,338,15,5,0,4,15,*98/D,Bryce Harper
41,542255,473,5.5,29.8,107.3,84.2,87.8,82.5,396,150,384.0,92,19.5,5,1.1,0.9, Ender Inciarte,425783,2015,653,415,0.276,0.261,0.015,0.46299999999999997,0.45299999999999996,0.01,0.365,0.359,0.006, Shin-Soo Choo,42,Shin-Soo Choo*\choosh01,32.0,TEX,AL,149,653,555,94,153,32,3,22,82,4,2,76,147,0.276,0.375,0.46299999999999997,0.838,125.0,257,7,15,2,5,1,*9/D,Shin-Soo Choo
42,516416,472,4.0,26.1,109.6,86.5,88.7,85.6,440,137,411.0,124,26.3,6,1.3,1.0, Jean Segura,543829,2015,653,535,0.33299999999999996,0.285,0.048,0.418,0.348,0.07,0.337,0.29100000000000004,0.046, Dee Gordon,43,Dee Gordon*\gordode01,27.0,MIA,NL,145,653,615,88,205,24,8,4,46,58,20,25,91,0.33299999999999996,0.359,0.418,0.7759999999999999,116.0,257,6,2,6,5,2,*4,Dee Gordon
43,594777,472,11.2,36.0,108.9,85.9,90.9,80.9,432,181,404.0,150,31.8,32,6.8,4.7, Kole Calhoun,570256,2015,652,475,0.256,0.272,-0.016,0.381,0.4,-0.019,0.304,0.319,-0.015, Gregory Polanco,44,Gregory Polanco*\polangr01,23.0,PIT,NL,153,652,593,83,152,35,6,9,52,27,10,55,121,0.256,0.32,0.381,0.701,92.0,226,5,1,1,2,6,*9/78,Gregory Polanco
44,434778,470,10.1,34.7,113.4,91.8,95.1,88.9,469,185,405.0,224,47.7,42,8.9,6.6, Kendrys Morales,592178,2015,650,365,0.275,0.243,0.032,0.488,0.47600000000000003,0.012,0.371,0.353,0.018000000000000002, Kris Bryant,45,Kris Bryant\bryankr01,23.0,CHC,NL,151,650,559,87,154,31,5,26,99,13,4,77,199,0.275,0.369,0.488,0.858,135.0,273,7,9,0,5,0,*5/7893D,Kris Bryant
45,543401,468,8.2,37.2,106.4,88.7,92.6,85.2,435,170,389.0,178,38.0,14,3.0,2.2, Jason Kipnis,457803,2015,649,444,0.226,0.248,-0.022000000000000002,0.434,0.452,-0.018000000000000002,0.309,0.326,-0.017, Jay Bruce,46,Jay Bruce*\bruceja01,28.0,CIN,NL,157,649,580,72,131,35,4,26,87,9,5,58,145,0.226,0.294,0.434,0.7290000000000001,97.0,252,10,2,0,9,8,*9/D,Jay Bruce
46,488862,468,3.9,30.6,109.5,89.5,91.9,88.5,415,139,396.0,169,36.1,16,3.4,2.7, Yunel Escobar,461314,2015,648,457,0.265,0.271,-0.006,0.44299999999999995,0.467,-0.024,0.325,0.34,-0.015, Matt Kemp,47,Matt Kemp\kempma01,30.0,SDP,NL,154,648,596,80,158,31,3,23,100,12,2,39,147,0.265,0.312,0.44299999999999995,0.755,109.0,264,17,5,0,8,0,*9/D,Matt Kemp
47,520471,467,11.4,33.4,111.5,84.2,88.6,81.0,411,171,379.0,103,22.1,11,2.4,1.8, Freddy Galvis,408236,2015,643,467,0.275,0.282,-0.006999999999999999,0.48,0.5,-0.02,0.354,0.365,-0.011000000000000001, Adrian Gonzalez,48,Adrian Gonzalez*\gonzaad01,33.0,LAD,NL,156,643,571,76,157,33,0,28,90,0,1,62,107,0.275,0.35,0.48,0.83,130.0,274,21,6,0,3,10,*3/D,Adrian Gonzalez
48,408236,467,14.0,41.3,107.9,88.6,93.2,84.2,447,193,393.0,172,36.8,38,8.1,5.9, Adrian Gonzalez,452104,2015,642,449,0.259,0.266,-0.006999999999999999,0.369,0.40399999999999997,-0.035,0.306,0.325,-0.019, Chase Headley,49,Chase Headley#\headlch01,31.0,NYY,AL,156,642,580,74,150,29,1,11,62,0,2,51,135,0.259,0.324,0.369,0.693,90.0,214,17,7,0,4,0,*5/3,Chase Headley#
49,543939,467,11.3,33.4,110.5,87.1,89.3,87.1,434,162,392.0,160,34.3,15,3.2,2.4, Kolten Wong,435622,2015,641,406,0.233,0.23600000000000002,-0.003,0.384,0.379,0.005,0.294,0.295,-0.001, Ian Desmond,50,Ian Desmond\desmoia01,29.0,WSN,NL,156,641,583,69,136,27,2,19,62,13,5,45,187,0.233,0.29,0.384,0.674,82.0,224,9,3,6,4,0,*6,Ian Desmond
50,502517,467,12.2,33.8,113.3,90.0,93.1,88.4,428,172,393.0,179,38.3,24,5.1,4.5, Daniel Murphy,543401,2015,641,468,0.303,0.306,-0.003,0.451,0.445,0.006,0.355,0.358,-0.003, Jason Kipnis,51,Jason Kipnis*\kipnija01,28.0,CLE,AL,141,641,565,86,171,43,7,9,52,12,8,57,107,0.303,0.37200000000000005,0.451,0.823,120.0,255,5,9,4,6,6,*4D,Jason Kipnis
51,467827,464,8.2,33.6,108.3,86.9,91.8,82.9,433,168,394.0,138,29.7,15,3.2,2.5, Gerardo Parra,425509,2015,640,474,0.275,0.273,0.002,0.41100000000000003,0.431,-0.02,0.322,0.331,-0.009000000000000001, Jhonny Peralta,52,Jhonny Peralta\peraljh01,33.0,STL,NL,155,640,579,64,159,26,1,17,71,1,4,50,111,0.275,0.33399999999999996,0.41100000000000003,0.745,103.0,238,23,5,0,6,6,*6/D,Jhonny Peralta
52,502210,464,14.7,32.8,108.7,88.4,91.8,86.4,438,182,397.0,153,33.0,23,5.0,4.0, Josh Reddick,434778,2015,639,470,0.29,0.289,0.001,0.485,0.504,-0.019,0.364,0.37200000000000005,-0.008, Kendrys Morales,53,Kendrys Morales#\moralke01,32.0,KCR,AL,158,639,569,81,165,41,2,22,106,0,0,58,103,0.29,0.36200000000000004,0.485,0.847,127.0,276,24,8,0,4,4,*D/3,Kendrys Morales#
53,516782,464,4.7,33.4,111.9,86.4,94.0,81.8,467,149,409.0,164,35.3,32,6.9,5.1, Starling Marte,430947,2015,638,536,0.27,0.292,-0.022000000000000002,0.33799999999999997,0.36200000000000004,-0.024,0.28,0.303,-0.023, Erick Aybar,54,Erick Aybar#\aybarer01,31.0,LAA,AL,156,638,597,74,161,30,1,3,44,15,6,25,73,0.27,0.301,0.33799999999999997,0.639,81.0,202,12,4,7,5,1,*6/D,Erick Aybar#
54,518934,462,2.8,34.0,108.0,90.0,92.5,88.4,462,145,410.0,183,39.6,10,2.2,1.6, DJ LeMahieu,519184,2015,634,536,0.306,0.299,0.006999999999999999,0.377,0.355,0.022000000000000002,0.315,0.307,0.008, Ben Revere,55,Ben Revere*\reverbe01,27.0,TOT,MLB,152,634,592,84,181,22,7,2,45,31,7,32,64,0.306,0.342,0.377,0.7190000000000001,98.0,223,5,2,5,3,0,*789,Ben Revere
55,516770,461,6.9,28.6,113.2,86.2,90.3,84.6,448,146,412.0,129,28.0,20,4.3,3.5, Starlin Castro,516782,2015,633,464,0.287,0.292,-0.005,0.444,0.467,-0.023,0.337,0.35,-0.013000000000000001, Starling Marte,56,Starling Marte\martest01,26.0,PIT,NL,153,633,579,84,166,30,2,19,81,30,10,27,123,0.287,0.337,0.444,0.78,113.0,257,14,19,3,5,3,*78,Starling Marte
56,518792,460,4.6,25.9,111.2,89.2,91.3,89.3,423,145,401.0,161,35.0,13,2.8,2.1, Jason Heyward,461858,2015,632,454,0.244,0.256,-0.012,0.435,0.446,-0.011000000000000001,0.321,0.331,-0.01, Trevor Plouffe,57,Trevor Plouffe\plouftr01,29.0,MIN,AL,152,632,573,74,140,35,4,22,86,2,1,50,124,0.244,0.307,0.435,0.742,102.0,249,28,4,1,4,0,*53,Trevor Plouffe
57,456715,457,9.5,36.3,111.0,90.0,92.6,88.0,458,180,413.0,174,38.1,25,5.5,4.1, Lorenzo Cain,607680,2015,628,510,0.278,0.273,0.005,0.39899999999999997,0.36200000000000004,0.037000000000000005,0.31,0.297,0.013000000000000001, Kevin Pillar,58,Kevin Pillar\pillake01,26.0,TOR,AL,159,628,586,76,163,31,2,12,56,25,4,28,85,0.278,0.314,0.39899999999999997,0.713,93.0,234,9,5,4,5,1,*87/9,Kevin Pillar
58,461314,457,11.8,35.2,109.0,89.5,93.4,85.4,437,182,393.0,184,40.3,38,8.3,5.9, Matt Kemp,429665,2015,624,440,0.27699999999999997,0.276,0.001,0.557,0.54,0.017,0.391,0.387,0.004, Edwin Encarnacion,59,Edwin Encarnacion\encared01,32.0,TOR,AL,146,624,528,94,146,31,0,39,111,3,2,77,98,0.27699999999999997,0.37200000000000005,0.557,0.929,148.0,294,14,9,0,10,5,D3,Edwin Encarnacion
59,521692,454,13.4,34.6,110.9,87.3,90.9,85.7,454,179,406.0,146,32.2,24,5.3,4.3, Salvador Perez,408252,2015,623,524,0.294,0.294,0.0,0.395,0.39,0.005,0.315,0.316,-0.001, Brandon Phillips,60,Brandon Phillips\phillbr01,34.0,CIN,NL,148,623,588,69,173,19,2,12,70,23,3,27,68,0.294,0.32799999999999996,0.395,0.723,97.0,232,13,4,1,3,1,*4/6,Brandon Phillips
60,461858,454,13.1,33.7,108.2,89.4,93.6,86.4,432,187,397.0,179,39.4,36,7.9,5.7, Trevor Plouffe,457763,2015,623,512,0.318,0.31,0.008,0.47,0.498,-0.027999999999999997,0.363,0.374,-0.011000000000000001, Buster Posey,61,Buster Posey\poseybu01,28.0,SFG,NL,150,623,557,74,177,28,0,19,95,2,0,56,52,0.318,0.379,0.47,0.8490000000000001,133.0,262,17,3,0,7,10,23/D,Buster Posey
61,594828,452,10.3,29.9,112.3,88.9,94.3,86.5,443,167,383.0,177,39.2,32,7.1,5.3, Evan Gattis,493351,2015,622,522,0.249,0.259,-0.01,0.35700000000000004,0.336,0.021,0.27899999999999997,0.28,-0.001, Alexei Ramirez,62,Alexei Ramirez\ramiral03,33.0,CHW,AL,154,622,583,54,145,33,0,10,62,17,7,31,68,0.249,0.285,0.35700000000000004,0.642,79.0,208,18,1,1,6,2,*6/D1,Alexei Ramirez
62,544369,449,10.4,34.1,107.2,84.8,88.1,83.0,416,162,388.0,110,24.5,7,1.6,1.2, Didi Gregorius,457708,2015,620,388,0.251,0.24600000000000002,0.005,0.45399999999999996,0.45,0.004,0.34,0.33899999999999997,0.001, Justin Upton,63,DJ LeMahieu\lemahdj01,26.0,COL,NL,150,620,564,85,170,21,5,6,61,23,3,50,107,0.301,0.358,0.38799999999999996,0.746,92.0,219,20,1,3,2,4,*4,DJ LeMahieu
63,452104,449,11.8,37.2,109.9,86.6,90.4,84.6,451,164,408.0,146,32.5,23,5.1,3.6, Chase Headley,518934,2015,620,462,0.301,0.28600000000000003,0.015,0.38799999999999996,0.391,-0.003,0.327,0.324,0.003, DJ LeMahieu,64,Alex Rodriguez\rodrial01,39.0,NYY,AL,151,620,523,83,131,22,1,33,86,4,0,84,145,0.25,0.35600000000000004,0.486,0.8420000000000001,129.0,254,17,6,0,7,5,*D/53,Alex Rodriguez
64,430945,447,11.2,27.7,112.2,87.9,93.1,84.9,450,174,406.0,155,34.7,41,9.2,7.1, Adam Jones,121347,2015,620,385,0.25,0.249,0.001,0.486,0.493,-0.006999999999999999,0.361,0.363,-0.002, Alex Rodriguez,65,Justin Upton\uptonju01,27.0,SDP,NL,150,620,542,85,136,26,3,26,81,19,5,68,159,0.251,0.336,0.45399999999999996,0.79,119.0,246,10,4,0,5,5,*7/D,Justin Upton
65,451594,447,11.8,32.2,110.1,86.4,90.4,82.8,420,172,391.0,133,29.8,21,4.7,3.0, Dexter Fowler,134181,2015,619,510,0.287,0.303,-0.016,0.45299999999999996,0.491,-0.038,0.337,0.364,-0.027000000000000003, Adrian Beltre,66,Adrian Beltre\beltrad01,36.0,TEX,AL,143,619,567,83,163,32,4,18,83,1,0,41,65,0.287,0.33399999999999996,0.45299999999999996,0.7879999999999999,110.0,257,18,3,0,8,4,*5/D,Adrian Beltre
66,458731,447,8.9,32.4,109.7,86.8,91.6,83.1,422,169,389.0,154,34.5,20,4.5,3.0, Brett Gardner,523253,2015,615,435,0.281,0.255,0.026000000000000002,0.444,0.392,0.052000000000000005,0.349,0.322,0.027000000000000003, Logan Forsythe,67,Logan Forsythe\forsylo01,28.0,TBR,AL,153,615,540,69,152,33,2,17,68,9,4,55,111,0.281,0.359,0.444,0.804,124.0,240,12,14,0,6,2,*43/5D,Logan Forsythe
67,430832,445,16.7,30.3,116.3,92.0,95.6,90.8,461,203,409.0,203,45.6,56,12.6,8.4, Jose Bautista,519058,2015,614,482,0.284,0.27,0.013999999999999999,0.47,0.444,0.026000000000000002,0.353,0.342,0.011000000000000001, Mike Moustakas,68,Mike Moustakas*\moustmi01,26.0,KCR,AL,147,614,549,73,156,34,1,22,82,1,2,43,76,0.284,0.348,0.47,0.8170000000000001,119.0,258,14,13,4,5,1,*5,Mike Moustakas
68,457803,444,15.0,35.1,111.4,89.6,93.0,86.1,459,195,406.0,166,37.4,38,8.6,5.9, Jay Bruce,120074,2015,614,442,0.273,0.303,-0.03,0.5529999999999999,0.615,-0.062,0.379,0.41600000000000004,-0.037000000000000005, David Ortiz,69,David Ortiz*\ortizda01,39.0,BOS,AL,146,614,528,73,144,37,0,37,108,0,1,77,95,0.273,0.36,0.5529999999999999,0.9129999999999999,140.0,292,16,0,0,9,16,*D/3,David Ortiz
69,120074,442,15.6,35.1,113.6,92.9,96.9,89.5,468,203,405.0,216,48.9,58,13.1,9.4, David Ortiz,543939,2015,613,467,0.262,0.27,-0.008,0.386,0.377,0.009000000000000001,0.309,0.313,-0.004, Kolten Wong,70,Kolten Wong*\wongko01,24.0,STL,NL,150,613,557,71,146,28,4,11,61,15,8,36,95,0.262,0.321,0.386,0.7070000000000001,93.0,215,10,15,0,5,2,*4,Kolten Wong
70,542993,442,7.0,27.8,104.8,82.2,85.1,81.7,424,134,391.0,62,14.0,2,0.5,0.4, Billy Burns,622110,2015,612,481,0.295,0.298,-0.003,0.428,0.433,-0.005,0.331,0.336,-0.005, Matt Duffy,71,Matt Duffy\duffyma01,24.0,SFG,NL,149,612,573,77,169,28,6,12,77,12,0,30,96,0.295,0.33399999999999996,0.428,0.762,108.0,245,22,5,2,2,0,*5/463,Matt Duffy
71,457705,442,13.9,41.2,111.4,90.7,94.9,85.5,447,197,404.0,195,44.1,41,9.3,6.0, Andrew McCutchen,518792,2015,610,460,0.293,0.282,0.011000000000000001,0.439,0.391,0.048,0.345,0.327,0.018000000000000002, Jason Heyward,72,Jason Heyward*\heywaja01,25.0,STL,NL,154,610,547,79,160,33,4,13,60,23,3,56,90,0.293,0.359,0.439,0.797,117.0,240,13,2,0,3,4,*98,Jason Heyward
72,435522,441,13.8,33.3,107.4,88.7,93.2,85.2,437,182,398.0,165,37.4,21,4.8,3.5, Neil Walker,471865,2015,608,428,0.271,0.26,0.011000000000000001,0.54,0.47,0.07,0.363,0.336,0.027000000000000003, Carlos Gonzalez,73,Carlos Gonzalez*\gonzaca01,29.0,COL,NL,153,608,554,87,150,25,2,40,97,2,0,46,133,0.271,0.325,0.54,0.8640000000000001,116.0,299,11,1,1,6,6,*9,Carlos Gonzalez
73,445988,441,8.8,34.2,109.7,88.9,90.6,89.3,426,154,402.0,147,33.3,10,2.3,1.8, Martin Prado,594828,2015,604,452,0.24600000000000002,0.247,-0.001,0.46299999999999997,0.415,0.048,0.317,0.301,0.016, Evan Gattis,74,Lorenzo Cain\cainlo01,29.0,KCR,AL,140,604,551,101,169,34,6,16,72,28,6,37,98,0.307,0.361,0.47700000000000004,0.838,125.0,263,16,12,0,4,4,*8/9D,Lorenzo Cain
74,456714,441,8.9,31.7,110.0,89.3,93.6,86.6,456,157,404.0,177,40.1,33,7.5,5.5, Billy Butler,456715,2015,604,457,0.307,0.317,-0.01,0.47700000000000004,0.483,-0.006,0.36,0.37,-0.01, Lorenzo Cain,75,Evan Gattis\gattiev01,28.0,HOU,AL,153,604,566,66,139,20,11,27,88,0,1,30,119,0.24600000000000002,0.285,0.46299999999999997,0.748,104.0,262,13,3,0,5,3,*D7,Evan Gattis
75,429665,440,16.8,32.0,114.0,90.2,94.7,87.1,462,184,407.0,195,44.3,47,10.7,7.5, Edwin Encarnacion,435522,2015,603,441,0.26899999999999996,0.255,0.013999999999999999,0.42700000000000005,0.418,0.009000000000000001,0.325,0.317,0.008, Neil Walker,76,Freddy Galvis#\galvifr01,25.0,PHI,NL,151,603,559,63,147,14,5,7,50,10,1,30,103,0.263,0.302,0.34299999999999997,0.645,79.0,192,11,3,7,4,1,*6/4,Freddy Galvis#
76,425877,439,10.0,33.0,105.1,86.3,89.7,84.4,403,156,392.0,111,25.3,10,2.3,1.9, Yadier Molina,520471,2015,603,467,0.263,0.249,0.013999999999999999,0.34299999999999997,0.342,0.001,0.28300000000000003,0.27899999999999997,0.004, Freddy Galvis,77,Neil Walker#\walkene01,29.0,PIT,NL,151,603,543,69,146,32,3,16,71,4,1,44,110,0.26899999999999996,0.32799999999999996,0.42700000000000005,0.7559999999999999,106.0,232,9,8,0,8,5,*4,Neil Walker#
77,523253,435,15.1,34.0,108.7,88.2,91.8,86.3,435,184,398.0,137,31.5,15,3.4,2.4, Logan Forsythe,543434,2015,602,425,0.26,0.257,0.003,0.40700000000000003,0.4,0.006999999999999999,0.305,0.302,0.003, Brett Lawrie,78,Brett Lawrie\lawribr01,25.0,OAK,AL,149,602,562,64,146,29,3,16,60,5,2,28,144,0.26,0.299,0.40700000000000003,0.706,95.0,229,8,5,3,4,1,*54/D,Brett Lawrie
78,434158,433,18.1,40.9,109.6,89.3,93.2,83.6,441,207,399.0,174,40.2,36,8.3,5.3, Curtis Granderson,543760,2015,601,426,0.257,0.252,0.005,0.405,0.391,0.013999999999999999,0.311,0.306,0.005, Marcus Semien,79,Billy Butler\butlebi03,29.0,OAK,AL,151,601,538,63,135,28,1,15,65,0,0,52,101,0.251,0.32299999999999995,0.39,0.713,98.0,210,26,7,0,4,4,*D/3,Billy Butler
79,467793,433,12.3,27.9,111.4,89.0,93.3,87.9,447,164,400.0,172,39.7,31,7.2,4.7, Carlos Santana,541645,2015,601,416,0.257,0.27399999999999997,-0.017,0.365,0.406,-0.040999999999999995,0.295,0.32,-0.025, Avisail Garcia,80,Avisail Garcia\garciav01,24.0,CHW,AL,148,601,553,66,142,17,2,13,59,7,7,36,141,0.257,0.309,0.365,0.675,89.0,202,13,8,0,4,3,*9D,Avisail Garcia
80,276519,433,14.8,32.3,115.5,84.5,89.6,79.6,422,174,392.0,100,23.1,11,2.5,2.0, Jimmy Rollins,456714,2015,601,441,0.251,0.252,-0.001,0.39,0.44299999999999995,-0.053,0.311,0.33299999999999996,-0.022000000000000002, Billy Butler,81,Marcus Semien\semiema01,24.0,OAK,AL,155,601,556,65,143,23,7,15,45,11,5,42,132,0.257,0.31,0.405,0.715,98.0,225,16,1,1,1,1,*6,Marcus Semien
81,408314,431,11.5,28.5,108.4,83.1,86.1,82.4,419,152,386.0,80,18.6,1,0.2,0.2, Jose Reyes,607054,2015,597,418,0.239,0.254,-0.015,0.335,0.36,-0.025,0.287,0.304,-0.017, Jace Peterson,82,LgAvg per 600 PA,,,,202,600,541,67,137,27,3,16,64,8,3,46,123,0.253,0.316,0.40299999999999997,0.7190000000000001,,218,12,5,4,4,3,,LgAvg per 600 PA
82,471865,428,8.2,31.3,117.1,89.8,94.3,87.0,468,175,421.0,164,38.3,47,11.0,7.7, Carlos Gonzalez,488726,2015,596,483,0.31,0.297,0.013000000000000001,0.48,0.428,0.052000000000000005,0.368,0.34600000000000003,0.022000000000000002, Michael Brantley,83,Jace Peterson*\peterja01,25.0,ATL,NL,152,597,528,55,126,23,5,6,52,12,10,56,120,0.239,0.314,0.335,0.649,81.0,177,5,3,7,3,4,*4,Jace Peterson
83,572761,427,17.0,44.3,109.5,88.6,91.6,83.0,439,216,406.0,154,36.1,40,9.4,6.0, Matt Carpenter,592206,2015,595,403,0.255,0.26,-0.005,0.419,0.439,-0.02,0.311,0.322,-0.011000000000000001, Nicholas Castellanos,84,Michael Brantley*\brantmi02,28.0,CLE,AL,137,596,529,68,164,45,0,15,84,15,1,60,51,0.31,0.379,0.48,0.8590000000000001,129.0,254,14,2,0,5,8,*78D,Michael Brantley
84,443558,427,9.6,35.6,119.0,92.4,97.5,88.7,483,181,412.0,201,47.1,60,14.1,9.2, Nelson Cruz,488862,2015,591,468,0.314,0.295,0.019,0.415,0.41600000000000004,-0.001,0.348,0.344,0.004, Yunel Escobar,85,Nicholas Castellanos\casteni01,23.0,DET,AL,154,595,549,42,140,33,6,15,73,0,3,39,152,0.255,0.303,0.419,0.721,97.0,230,21,1,0,6,1,*5/D,Nicholas Castellanos
85,543760,426,13.4,38.0,106.9,87.0,91.9,81.7,419,183,391.0,123,28.9,19,4.5,3.2, Marcus Semien,467827,2015,589,464,0.29100000000000004,0.28300000000000003,0.008,0.452,0.41200000000000003,0.04,0.33399999999999996,0.32,0.013999999999999999, Gerardo Parra,86,Yunel Escobar\escobyu01,32.0,WSN,NL,139,591,535,75,168,25,1,9,56,2,2,45,70,0.314,0.375,0.415,0.79,115.0,222,24,8,1,2,0,*5/D,Yunel Escobar
86,434636,425,11.1,34.6,110.7,86.3,87.7,85.7,401,174,376.0,94,22.1,4,0.9,0.7, Angel Pagan,592626,2015,585,314,0.21,0.221,-0.011000000000000001,0.41700000000000004,0.431,-0.013999999999999999,0.335,0.345,-0.01, Joc Pederson,87,Gerardo Parra*\parrage01,28.0,TOT,MLB,155,589,547,83,159,36,5,14,51,14,4,28,92,0.29100000000000004,0.32799999999999996,0.452,0.78,111.0,247,8,5,4,5,3,*978,Gerardo Parra
87,543434,425,7.1,30.8,112.4,89.6,94.2,86.6,470,158,409.0,166,39.1,20,4.7,3.3, Brett Lawrie,516416,2015,584,472,0.257,0.256,0.001,0.336,0.33,0.006,0.268,0.267,0.001, Jean Segura,88,Joc Pederson*\pederjo01,23.0,LAD,NL,151,585,480,67,101,19,1,26,54,4,7,92,170,0.21,0.34600000000000003,0.41700000000000004,0.763,113.0,200,5,9,2,2,6,*8,Joc Pederson
88,527038,424,13.8,32.3,110.0,86.3,90.1,84.5,419,170,389.0,108,25.5,9,2.1,1.8, Wilmer Flores,592743,2015,583,490,0.265,0.284,-0.019,0.33799999999999997,0.36200000000000004,-0.024,0.29,0.31,-0.02, Andrelton Simmons,89,Jean Segura\segurje01,25.0,MIL,NL,142,584,560,57,144,16,5,6,50,25,6,13,93,0.257,0.281,0.336,0.616,68.0,188,14,6,3,2,2,*6,Jean Segura
89,502671,423,13.0,40.2,114.0,92.0,96.9,87.4,471,200,406.0,195,46.1,53,12.5,7.6, Paul Goldschmidt,502210,2015,582,464,0.272,0.284,-0.012,0.449,0.43,0.019,0.33799999999999997,0.337,0.001, Josh Reddick,90,Andrelton Simmons\simmoan01,25.0,ATL,NL,147,583,535,60,142,23,2,4,44,5,3,39,48,0.265,0.321,0.33799999999999997,0.66,84.0,181,19,6,1,2,6,*6,Andrelton Simmons
90,545361,422,14.0,39.6,117.7,92.9,96.9,88.7,477,204,410.0,205,48.6,69,16.4,10.1, Mike Trout,430945,2015,581,447,0.26899999999999996,0.285,-0.016,0.474,0.49200000000000005,-0.018000000000000002,0.33399999999999996,0.34700000000000003,-0.013000000000000001, Adam Jones,91,Josh Reddick*\reddijo01,28.0,OAK,AL,149,582,526,67,143,25,4,20,77,10,2,49,65,0.272,0.33299999999999996,0.449,0.7809999999999999,116.0,236,7,0,1,2,1,*9/D8,Josh Reddick
91,116338,421,10.1,28.5,108.1,88.1,93.1,84.8,430,164,393.0,146,34.7,21,5.0,3.7, Torii Hunter,516770,2015,578,461,0.265,0.256,0.009000000000000001,0.375,0.379,-0.004,0.28800000000000003,0.287,0.001, Starlin Castro,92,Adam Jones\jonesad01,29.0,BAL,AL,137,581,546,74,147,25,3,27,82,3,1,24,102,0.26899999999999996,0.308,0.474,0.782,110.0,259,21,8,0,3,3,*8/D,Adam Jones
92,502110,421,16.0,40.4,113.2,91.2,95.9,84.9,467,215,399.0,204,48.5,74,17.6,11.3, J.D. Martinez,544369,2015,578,449,0.265,0.259,0.006,0.37,0.33799999999999997,0.032,0.303,0.292,0.011000000000000001, Didi Gregorius,93,Starlin Castro\castrst01,25.0,CHC,NL,151,578,547,52,145,23,2,11,69,5,5,21,91,0.265,0.29600000000000004,0.375,0.6709999999999999,84.0,205,18,5,1,4,6,*64,Starlin Castro
93,607054,418,7.8,33.7,110.0,85.1,89.1,82.3,410,166,392.0,110,26.3,14,3.3,2.3, Jace Peterson,452252,2015,572,405,0.27699999999999997,0.248,0.028999999999999998,0.46,0.42100000000000004,0.039,0.35,0.326,0.024, Adam Lind,94,Didi Gregorius*\gregodi01,25.0,NYY,AL,155,578,525,57,139,24,2,9,56,5,3,33,85,0.265,0.318,0.37,0.688,89.0,194,4,11,3,6,0,*6,Didi Gregorius
94,541645,416,6.3,34.9,116.1,88.5,92.6,85.6,454,159,402.0,156,37.5,20,4.8,3.3, Avisail Garcia,500208,2015,571,475,0.27,0.257,0.013000000000000001,0.428,0.368,0.06,0.324,0.301,0.023, Yangervis Solarte,95,Adam Lind*\lindad01,31.0,MIL,NL,149,572,502,72,139,32,0,20,87,0,0,66,100,0.27699999999999997,0.36,0.46,0.82,123.0,231,7,1,0,3,11,*3/D,Adam Lind
95,450314,416,8.2,30.3,107.8,88.5,92.6,86.6,422,156,385.0,144,34.6,16,3.8,3.0, Ben Zobrist,460075,2015,568,394,0.285,0.294,-0.009000000000000001,0.498,0.514,-0.016,0.366,0.379,-0.013000000000000001, Ryan Braun,96,Yangervis Solarte#\solarya01,27.0,SDP,NL,152,571,526,63,142,33,4,14,63,1,0,34,56,0.27,0.32,0.428,0.748,108.0,225,15,6,2,3,0,534/D,Yangervis Solarte#
96,425783,415,7.3,34.2,111.5,90.4,95.2,86.8,440,164,389.0,183,44.1,36,8.7,5.5, Shin-Soo Choo,116338,2015,567,421,0.24,0.23600000000000002,0.004,0.409,0.375,0.034,0.304,0.29100000000000004,0.013000000000000001, Torii Hunter,97,Ryan Braun\braunry02,31.0,MIL,NL,140,568,506,87,144,27,3,25,84,24,4,54,115,0.285,0.35600000000000004,0.498,0.8540000000000001,131.0,252,20,4,0,3,4,*9/D,Ryan Braun
97,595281,414,8.3,30.0,112.2,86.7,90.7,85.7,426,154,397.0,127,30.7,10,2.4,1.9, Kevin Kiermaier,276519,2015,563,433,0.22399999999999998,0.23199999999999998,-0.008,0.358,0.332,0.026000000000000002,0.28300000000000003,0.27899999999999997,0.004, Jimmy Rollins,98,Torii Hunter\hunteto01,39.0,MIN,AL,139,567,521,67,125,22,0,22,81,2,5,35,105,0.24,0.293,0.409,0.7020000000000001,91.0,213,14,6,0,5,1,*9D,Torii Hunter
98,133380,412,15.8,34.5,108.6,87.4,90.8,85.1,456,186,397.0,141,34.2,23,5.6,4.5, Aramis Ramirez,543063,2015,561,392,0.256,0.262,-0.006,0.462,0.483,-0.021,0.332,0.344,-0.012, Brandon Crawford,99,Jimmy Rollins#\rolliji01,36.0,LAD,NL,144,563,517,71,116,24,3,13,41,12,8,44,86,0.22399999999999998,0.285,0.358,0.643,79.0,185,12,0,1,1,0,*6,Jimmy Rollins#
99,458015,412,10.7,43.4,109.3,89.6,94.7,83.6,424,188,398.0,173,42.0,45,10.9,6.5, Joey Votto,542255,2015,561,473,0.303,0.282,0.021,0.408,0.35,0.057999999999999996,0.325,0.297,0.027999999999999997, Ender Inciarte,100,Brandon Crawford*\crawfbr01,28.0,SFG,NL,143,561,507,65,130,33,4,21,84,6,4,39,119,0.256,0.321,0.462,0.782,113.0,234,18,11,0,4,9,*6,Brandon Crawford
100,543213,409,8.8,31.1,110.7,84.6,88.1,82.1,399,162,392.0,80,19.6,4,1.0,0.8, Johnny Giavotella,519083,2015,557,385,0.25,0.22699999999999998,0.023,0.40399999999999997,0.33,0.07400000000000001,0.309,0.273,0.036000000000000004, Derek Norris,101,Ender Inciarte*\inciaen01,24.0,ARI,NL,132,561,524,73,159,27,5,6,45,21,10,26,58,0.303,0.33799999999999997,0.408,0.747,100.0,214,8,4,2,5,0,*978,Ender Inciarte
101,457727,407,1.9,27.5,109.7,87.7,91.1,86.6,428,130,401.0,145,35.6,11,2.7,2.0, Cameron Maybin,474832,2015,556,349,0.28,0.27,0.01,0.478,0.49700000000000005,-0.019,0.359,0.364,-0.005, Brandon Belt,102,Derek Norris\norride01,26.0,SDP,NL,147,557,515,65,129,33,2,14,62,4,1,35,131,0.25,0.305,0.40399999999999997,0.7090000000000001,97.0,208,5,6,0,1,1,*23/D,Derek Norris
102,435622,406,5.1,26.6,114.4,89.6,94.6,86.8,477,149,415.0,166,40.9,29,7.1,4.5, Ian Desmond,542993,2015,555,442,0.294,0.25,0.044000000000000004,0.392,0.294,0.098,0.317,0.263,0.054000000000000006, Billy Burns,103,Brandon Belt*\beltbr01,27.0,SFG,NL,137,556,492,73,138,33,5,18,68,9,3,56,147,0.28,0.35600000000000004,0.478,0.8340000000000001,127.0,235,3,4,0,4,2,*37,Brandon Belt
103,452252,405,11.0,31.6,109.8,89.5,93.5,86.9,438,177,401.0,145,35.8,29,7.2,5.1, Adam Lind,457727,2015,555,407,0.267,0.289,-0.022000000000000002,0.37,0.381,-0.011000000000000001,0.307,0.321,-0.013999999999999999, Cameron Maybin,104,Billy Burns#\burnsbi02,25.0,OAK,AL,125,555,520,70,153,18,9,5,42,26,8,26,81,0.294,0.33399999999999996,0.392,0.726,102.0,204,5,6,1,2,1,*8,Billy Burns#
104,452678,405,16.2,32.1,106.7,87.3,92.2,83.5,446,188,393.0,131,32.3,22,5.4,4.0, Asdrubal Cabrera,446263,2015,554,336,0.244,0.255,-0.011000000000000001,0.486,0.502,-0.016,0.359,0.368,-0.009000000000000001, Lucas Duda,105,Cameron Maybin\maybica01,28.0,ATL,NL,141,555,505,65,135,18,2,10,59,23,6,45,102,0.267,0.327,0.37,0.6970000000000001,94.0,187,16,1,1,3,1,*8,Cameron Maybin
105,592206,403,16.9,38.2,111.6,88.3,91.1,85.0,447,199,393.0,140,34.7,31,7.7,5.2, Nicholas Castellanos,521692,2015,553,454,0.26,0.27,-0.01,0.426,0.413,0.013000000000000001,0.3,0.303,-0.003, Salvador Perez,106,Lucas Duda*\dudalu01,29.0,NYM,NL,135,554,471,67,115,33,0,27,73,0,2,66,138,0.244,0.35200000000000004,0.486,0.838,130.0,229,12,14,0,3,7,*3,Lucas Duda
106,467055,400,9.5,29.3,114.0,88.0,91.9,86.9,430,160,395.0,135,33.8,19,4.8,3.8, Pablo Sandoval,572008,2015,552,381,0.22699999999999998,0.24,-0.013000000000000001,0.322,0.332,-0.01,0.255,0.267,-0.012, Chris Owings,107,Salvador Perez\perezsa02,25.0,KCR,AL,142,553,531,52,138,25,0,21,70,1,0,13,82,0.26,0.28,0.426,0.706,88.0,226,23,4,0,5,4,*2/D3,Salvador Perez
107,136860,399,15.4,34.3,112.8,90.6,93.2,89.5,434,198,384.0,166,41.6,23,5.8,4.3, Carlos Beltran,434636,2015,551,425,0.262,0.265,-0.003,0.332,0.344,-0.012,0.28,0.29100000000000004,-0.011000000000000001, Angel Pagan,108,Chris Owings\owingch01,23.0,ARI,NL,147,552,515,59,117,27,5,4,43,16,4,26,144,0.22699999999999998,0.264,0.322,0.5870000000000001,57.0,166,9,1,7,3,3,*46,Chris Owings
108,588751,396,6.6,31.6,107.1,86.5,90.3,84.1,426,154,402.0,122,30.8,4,1.0,0.8, Adeiny Hechavarria,445988,2015,551,441,0.28800000000000003,0.29,-0.002,0.39399999999999996,0.387,0.006999999999999999,0.317,0.32299999999999995,-0.006, Martin Prado,109,Asdrubal Cabrera#\cabreas01,29.0,TBR,AL,143,551,505,66,134,28,5,15,58,6,3,36,107,0.265,0.315,0.43,0.7440000000000001,106.0,217,14,3,1,6,4,*6/D,Asdrubal Cabrera#
109,400121,395,14.9,33.9,108.9,87.6,90.7,86.0,419,181,376.0,131,33.2,16,4.1,3.3, Victor Martinez,452678,2015,551,405,0.265,0.23600000000000002,0.028999999999999998,0.43,0.392,0.038,0.319,0.29600000000000004,0.023, Asdrubal Cabrera,110,Angel Pagan#\paganan01,33.0,SFG,NL,133,551,512,55,134,21,3,3,37,12,4,32,93,0.262,0.303,0.332,0.635,75.0,170,12,1,0,6,0,*8/D,Angel Pagan#
110,547180,394,14.5,37.8,116.0,91.2,94.8,88.7,461,189,402.0,187,47.5,52,13.2,8.0, Bryce Harper,444432,2015,545,377,0.262,0.258,0.004,0.449,0.445,0.004,0.327,0.324,0.003, Mark Trumbo,111,Martin Prado\pradoma01,31.0,MIA,NL,129,551,500,52,144,22,2,9,63,1,0,37,68,0.28800000000000003,0.33799999999999997,0.39399999999999996,0.732,104.0,197,9,5,1,8,4,*54,Martin Prado
111,460075,394,7.5,32.0,114.9,92.1,95.6,89.6,474,173,410.0,179,45.4,42,10.7,7.4, Ryan Braun,407781,2015,544,366,0.247,0.244,0.003,0.45299999999999996,0.434,0.019,0.317,0.309,0.008, Marlon Byrd,112,Mark Trumbo\trumbma01,29.0,TOT,MLB,142,545,508,62,133,23,3,22,64,0,0,36,132,0.262,0.31,0.449,0.759,107.0,228,12,0,0,1,1,9D37,Mark Trumbo
112,543063,392,8.2,36.0,110.6,89.7,95.3,85.2,425,172,400.0,168,42.9,35,8.9,6.2, Brandon Crawford,502517,2015,538,467,0.281,0.293,-0.012,0.449,0.466,-0.017,0.325,0.33899999999999997,-0.013999999999999999, Daniel Murphy,113,Marlon Byrd\byrdma01,37.0,TOT,NL,135,544,506,58,125,25,5,23,73,2,1,29,145,0.247,0.29,0.45299999999999996,0.743,100.0,229,10,4,0,5,2,*79/8D,Marlon Byrd
113,457708,388,16.1,30.4,113.9,90.0,93.5,88.1,458,188,397.0,152,39.2,42,10.8,6.8, Justin Upton,546318,2015,537,372,0.297,0.264,0.033,0.418,0.37200000000000005,0.046,0.33299999999999996,0.304,0.028999999999999998, Odubel Herrera,114,Daniel Murphy*\murphda08,30.0,NYM,NL,130,538,499,56,140,38,2,14,73,2,2,31,38,0.281,0.322,0.449,0.77,111.0,224,15,2,0,6,10,453/D,Daniel Murphy
114,121347,385,12.1,31.7,116.5,91.3,95.6,88.1,471,183,406.0,167,43.4,42,10.9,6.8, Alex Rodriguez,435263,2015,535,375,0.23199999999999998,0.22399999999999998,0.008,0.43700000000000006,0.389,0.048,0.327,0.309,0.018000000000000002, Brian McCann,115,Odubel Herrera*\herreod01,23.0,PHI,NL,147,537,495,64,147,30,3,8,41,16,8,28,129,0.297,0.344,0.418,0.762,111.0,207,6,8,5,1,0,*8,Odubel Herrera
115,519083,385,14.1,31.9,112.1,87.1,90.7,86.6,423,173,381.0,134,34.8,9,2.3,1.6, Derek Norris,595281,2015,535,414,0.263,0.28300000000000003,-0.02,0.42,0.385,0.035,0.309,0.308,0.001, Kevin Kiermaier,116,Anthony Gose*\gosean01,24.0,DET,AL,140,535,485,73,123,24,8,5,26,23,11,45,145,0.254,0.321,0.36700000000000005,0.688,90.0,178,11,3,2,0,0,*8,Anthony Gose
116,435559,384,12.5,31.0,105.8,87.0,90.2,85.0,405,168,393.0,112,29.2,4,1.0,0.8, Kurt Suzuki,450314,2015,535,416,0.276,0.273,0.003,0.45,0.397,0.053,0.349,0.331,0.018000000000000002, Ben Zobrist,117,Kevin Kiermaier*\kiermke01,25.0,TBR,AL,151,535,505,62,133,25,12,10,40,18,5,24,95,0.263,0.298,0.42,0.718,99.0,212,7,2,2,2,0,*8/9,Kevin Kiermaier
117,435062,384,1.1,31.8,111.6,90.1,94.0,87.6,438,133,402.0,159,41.4,15,3.9,3.0, Howie Kendrick,543238,2015,535,342,0.254,0.24100000000000002,0.013000000000000001,0.36700000000000005,0.321,0.046,0.304,0.284,0.02, Anthony Gose,118,Brian McCann*\mccanbr01,31.0,NYY,AL,135,535,465,68,108,15,1,26,94,0,0,52,97,0.23199999999999998,0.32,0.43700000000000006,0.7559999999999999,105.0,203,7,11,0,7,3,*23/D,Brian McCann
118,467092,382,4.5,30.6,114.2,90.5,96.0,87.6,447,143,405.0,169,44.2,25,6.5,5.0, Wilson Ramos,453064,2015,534,376,0.28,0.259,0.021,0.44,0.415,0.025,0.335,0.316,0.019, Troy Tulowitzki,119,Ben Zobrist#\zobribe01,34.0,TOT,AL,126,535,467,76,129,36,3,13,56,3,4,62,56,0.276,0.359,0.45,0.809,121.0,210,8,1,0,5,3,47/D95,Ben Zobrist#
119,572008,381,11.8,33.1,107.6,84.9,89.1,81.3,426,186,412.0,94,24.7,10,2.6,1.8, Chris Owings,136860,2015,531,399,0.276,0.281,-0.005,0.47100000000000003,0.45299999999999996,0.018000000000000002,0.34600000000000003,0.34700000000000003,-0.001, Carlos Beltran,120,Troy Tulowitzki\tulowtr01,30.0,TOT,MLB,128,534,486,77,136,27,0,17,70,1,0,38,114,0.28,0.337,0.44,0.777,101.0,214,17,6,0,4,5,*6/D,Troy Tulowitzki
120,578428,379,3.5,26.4,108.6,82.6,87.2,81.1,377,134,365.0,69,18.2,0,0.0,0.0, Jose Iglesias,425877,2015,530,439,0.27,0.252,0.018000000000000002,0.35,0.344,0.006,0.287,0.281,0.006, Yadier Molina,121,Carlos Beltran#\beltrca01,38.0,NYY,AL,133,531,478,57,132,34,1,19,67,0,0,45,85,0.276,0.337,0.47100000000000003,0.8079999999999999,119.0,225,12,2,0,6,2,*9/D,Carlos Beltran#
121,489149,379,10.6,29.6,113.6,89.1,92.3,87.6,442,171,399.0,142,37.5,26,6.9,5.1, Logan Morrison,457706,2015,527,369,0.267,0.275,-0.008,0.385,0.389,-0.004,0.305,0.311,-0.006, Austin Jackson,122,Yadier Molina\molinya01,32.0,STL,NL,136,530,488,34,132,23,2,4,61,3,1,32,59,0.27,0.31,0.35,0.66,80.0,171,16,0,1,9,3,*2/D,Yadier Molina
122,408299,377,13.8,30.5,104.7,83.6,86.9,81.6,397,164,387.0,77,20.4,3,0.8,0.7, Omar Infante,461235,2015,526,324,0.226,0.245,-0.019,0.40700000000000003,0.478,-0.071,0.308,0.34299999999999997,-0.035, Brandon Moss,123,Austin Jackson\jacksau01,28.0,TOT,MLB,136,527,491,56,131,25,3,9,48,17,10,29,126,0.267,0.311,0.385,0.696,95.0,189,5,3,3,1,0,*89/7,Austin Jackson
123,444432,377,13.0,31.6,116.5,91.9,94.5,91.9,464,182,412.0,161,42.7,37,9.8,6.8, Mark Trumbo,592885,2015,525,375,0.3,0.311,-0.011000000000000001,0.41600000000000004,0.441,-0.025,0.34299999999999997,0.35600000000000004,-0.013000000000000001, Christian Yelich,124,Brandon Moss*\mossbr01,31.0,TOT,MLB,145,526,469,47,106,24,2,19,58,0,1,49,148,0.226,0.304,0.40700000000000003,0.711,90.0,191,12,5,0,3,4,937/D,Brandon Moss
124,453064,376,12.6,31.6,112.1,89.8,93.0,87.8,450,178,404.0,153,40.7,20,5.3,3.7, Troy Tulowitzki,608365,2015,523,329,0.242,0.213,0.028999999999999998,0.389,0.33799999999999997,0.051,0.304,0.272,0.032, Addison Russell,125,Christian Yelich*\yelicch01,23.0,MIA,NL,126,525,476,63,143,30,2,7,44,16,5,47,101,0.3,0.366,0.41600000000000004,0.782,118.0,198,13,2,0,0,2,*78,Christian Yelich
125,592663,376,8.8,32.2,109.6,88.3,92.6,85.2,423,169,383.0,129,34.3,16,4.3,3.4, J.T. Realmuto,408314,2015,519,431,0.27399999999999997,0.257,0.017,0.37799999999999995,0.31,0.068,0.3,0.272,0.027999999999999997, Jose Reyes,126,Addison Russell\russead02,21.0,CHC,NL,142,523,475,60,115,29,1,13,54,4,3,42,149,0.242,0.307,0.389,0.696,91.0,185,8,3,1,2,2,46,Addison Russell
126,592885,375,0.0,30.7,112.5,91.4,94.9,89.6,435,123,401.0,169,45.1,18,4.8,3.4, Christian Yelich,444482,2015,517,362,0.312,0.287,0.025,0.522,0.45399999999999996,0.068,0.38,0.353,0.027000000000000003, David Peralta,127,Jose Reyes#\reyesjo01,32.0,TOT,MLB,116,519,481,57,132,25,2,7,53,24,6,26,62,0.27399999999999997,0.31,0.37799999999999995,0.688,82.0,182,6,0,9,3,0,*6,Jose Reyes#
127,435263,375,17.1,30.1,112.6,89.0,92.5,87.0,437,190,389.0,135,36.0,21,5.6,3.9, Brian McCann,133380,2015,516,412,0.24600000000000002,0.249,-0.003,0.423,0.41200000000000003,0.011000000000000001,0.309,0.307,0.002, Aramis Ramirez,128,David Peralta*\peralda01,27.0,ARI,NL,149,517,462,61,144,26,10,17,78,9,4,44,107,0.312,0.371,0.522,0.893,137.0,241,7,4,0,7,2,*7/98,David Peralta
128,150229,373,10.3,35.4,110.0,85.4,88.5,83.6,424,162,387.0,95,25.5,13,3.5,3.0, A.J. Pierzynski,519048,2015,515,364,0.278,0.278,0.0,0.48200000000000004,0.512,-0.03,0.348,0.361,-0.013000000000000001, Mitch Moreland,129,Aramis Ramirez\ramirar01,37.0,TOT,NL,137,516,475,43,117,31,1,17,75,1,0,31,68,0.24600000000000002,0.297,0.423,0.72,95.0,201,23,5,0,5,3,*5/3D,Aramis Ramirez
129,546318,372,5.9,33.6,113.3,87.0,90.9,84.5,439,162,410.0,126,33.9,12,3.2,2.2, Odubel Herrera,489149,2015,511,379,0.225,0.263,-0.038,0.38299999999999995,0.43200000000000005,-0.049,0.298,0.33399999999999996,-0.036000000000000004, Logan Morrison,130,Mitch Moreland*\morelmi01,29.0,TEX,AL,132,515,471,51,131,27,0,23,85,1,0,32,112,0.278,0.33,0.48200000000000004,0.812,116.0,227,9,7,0,5,2,*3/D,Mitch Moreland
130,453056,370,11.1,34.1,108.6,86.5,88.1,87.0,405,161,390.0,107,28.9,13,3.5,2.6, Jacoby Ellsbury,408234,2015,511,349,0.33799999999999997,0.326,0.012,0.534,0.596,-0.062,0.413,0.431,-0.018000000000000002, Miguel Cabrera,131,Miguel Cabrera\cabremi01,32.0,DET,AL,119,511,429,64,145,28,1,18,76,1,1,77,82,0.33799999999999997,0.44,0.534,0.9740000000000001,169.0,229,19,3,0,2,15,3D,Miguel Cabrera
131,448801,370,17.3,41.1,113.2,91.8,96.5,85.4,458,215,404.0,171,46.2,65,17.6,9.7, Chris Davis,519390,2015,511,356,0.261,0.252,0.009000000000000001,0.44299999999999995,0.4,0.043,0.335,0.322,0.013000000000000001, Stephen Vogt,132,Logan Morrison*\morrilo01,27.0,SEA,AL,146,511,457,47,103,15,3,17,54,8,4,47,81,0.225,0.302,0.38299999999999995,0.685,92.0,175,7,4,1,2,5,*3/9D7,Logan Morrison
132,457706,369,6.8,35.5,109.1,88.7,91.9,86.5,431,157,391.0,147,39.8,14,3.8,2.7, Austin Jackson,572191,2015,511,317,0.22899999999999998,0.245,-0.016,0.358,0.39,-0.032,0.27399999999999997,0.293,-0.019, Michael A. Taylor,133,Michael A. Taylor\taylomi02,24.0,WSN,NL,138,511,472,49,108,15,2,14,63,16,3,35,158,0.22899999999999998,0.282,0.358,0.64,73.0,169,5,1,1,2,9,*87/9,Michael A. Taylor
133,407781,366,11.8,35.2,108.8,86.4,92.6,80.3,432,176,402.0,112,30.6,31,8.5,5.7, Marlon Byrd,527038,2015,510,424,0.263,0.25,0.013000000000000001,0.408,0.35700000000000004,0.051,0.303,0.28,0.023, Wilmer Flores,134,Stephen Vogt*\vogtst01,30.0,OAK,AL,136,511,445,58,116,21,3,18,71,0,2,56,97,0.261,0.341,0.44299999999999995,0.7829999999999999,117.0,197,9,2,0,8,6,23/D,Stephen Vogt
134,592178,365,19.4,33.7,111.5,89.6,94.8,83.3,495,206,408.0,158,43.3,42,11.5,6.5, Kris Bryant,465041,2015,510,362,0.295,0.263,0.032,0.401,0.397,0.004,0.341,0.327,0.013999999999999999, Francisco Cervelli,135,Francisco Cervelli\cervefr01,29.0,PIT,NL,130,510,451,56,133,17,5,7,43,1,1,46,94,0.295,0.37,0.401,0.7709999999999999,113.0,181,12,8,4,1,1,*2/D,Francisco Cervelli
135,519048,364,11.5,36.0,112.5,91.4,96.8,87.7,457,178,405.0,165,45.3,39,10.7,7.6, Mitch Moreland,571788,2015,509,363,0.28,0.263,0.017,0.379,0.337,0.042,0.321,0.303,0.018000000000000002, Brock Holt,136,Wilmer Flores\florewi01,23.0,NYM,NL,137,510,483,55,127,22,0,16,59,0,1,19,63,0.263,0.295,0.408,0.703,93.0,197,12,4,2,2,2,64,Wilmer Flores
136,571788,363,7.2,32.2,107.2,85.9,88.7,84.7,394,150,388.0,88,24.2,2,0.6,0.4, Brock Holt,431145,2015,507,340,0.24,0.24100000000000002,-0.001,0.45799999999999996,0.41700000000000004,0.040999999999999995,0.34,0.33299999999999996,0.006999999999999999, Russell Martin,137,Brock Holt*\holtbr01,27.0,BOS,AL,129,509,454,56,127,27,6,2,45,8,1,46,97,0.28,0.349,0.379,0.727,96.0,172,7,3,4,2,0,45976/38D,Brock Holt
137,444482,362,5.9,35.4,116.0,91.3,95.6,88.5,442,170,404.0,154,42.5,28,7.7,5.4, David Peralta,467055,2015,505,400,0.245,0.231,0.013999999999999999,0.366,0.355,0.011000000000000001,0.28800000000000003,0.28,0.008, Pablo Sandoval,138,Russell Martin\martiru01,32.0,TOR,AL,129,507,441,76,106,23,2,23,77,4,5,53,106,0.24,0.32899999999999996,0.45799999999999996,0.787,112.0,202,22,8,0,5,1,*2/D4,Russell Martin
138,465041,362,6.1,33.1,111.1,87.5,92.6,83.9,437,156,408.0,128,35.4,15,4.1,2.9, Francisco Cervelli,467092,2015,504,382,0.22899999999999998,0.255,-0.026000000000000002,0.358,0.42,-0.062,0.264,0.302,-0.038, Wilson Ramos,139,Pablo Sandoval#\sandopa01,28.0,BOS,AL,126,505,470,43,115,25,1,10,47,0,0,25,73,0.245,0.292,0.366,0.6579999999999999,75.0,172,14,7,1,2,1,*5,Pablo Sandoval#
139,501571,358,8.1,25.4,112.7,90.1,92.0,90.2,415,144,381.0,145,40.5,6,1.7,1.3, Juan Lagares,458085,2015,503,348,0.25,0.248,0.002,0.44299999999999995,0.409,0.034,0.337,0.326,0.011000000000000001, Chris Coghlan,140,Wilson Ramos\ramoswi01,27.0,WSN,NL,128,504,475,41,109,16,0,15,68,0,0,21,101,0.22899999999999998,0.258,0.358,0.616,66.0,170,16,0,0,8,2,*2/D,Wilson Ramos
140,400085,356,2.6,27.5,106.9,82.4,86.0,80.8,377,120,342.0,49,13.8,2,0.6,0.5, Ichiro Suzuki,429667,2015,503,332,0.22899999999999998,0.26899999999999996,-0.04,0.44299999999999995,0.515,-0.07200000000000001,0.308,0.354,-0.046, Ryan Howard,141,Chris Coghlan*\coghlch01,30.0,CHC,NL,148,503,440,64,110,25,6,16,41,11,2,58,94,0.25,0.341,0.44299999999999995,0.784,115.0,195,8,3,1,1,6,*794/35,Chris Coghlan
141,519390,356,16.1,34.3,109.4,86.9,90.3,84.3,430,187,384.0,108,30.3,20,5.6,3.9, Stephen Vogt,543213,2015,502,409,0.272,0.268,0.004,0.375,0.341,0.034,0.303,0.293,0.01, Johnny Giavotella,142,Ryan Howard*\howarry01,35.0,PHI,NL,129,503,467,53,107,29,1,23,77,0,0,27,138,0.22899999999999998,0.27699999999999997,0.44299999999999995,0.72,96.0,207,11,5,0,3,2,*3/D,Ryan Howard
142,596059,354,11.2,27.1,111.1,87.0,93.0,83.8,423,162,401.0,116,32.8,19,5.4,4.0, Rougned Odor,453056,2015,501,370,0.257,0.26899999999999996,-0.012,0.345,0.363,-0.018000000000000002,0.294,0.311,-0.017, Jacoby Ellsbury,143,Johnny Giavotella\giavojo01,27.0,LAA,AL,129,502,453,51,123,25,5,4,49,2,1,32,59,0.272,0.318,0.375,0.6940000000000001,96.0,170,7,2,9,6,0,*4/6,Johnny Giavotella
143,543281,352,11.3,36.1,104.7,85.8,89.7,82.2,417,172,396.0,86,24.4,5,1.4,1.1, Josh Harrison,588751,2015,499,396,0.281,0.273,0.008,0.374,0.36200000000000004,0.012,0.297,0.29100000000000004,0.006, Adeiny Hechavarria,144,Jacoby Ellsbury*\ellsbja01,31.0,NYY,AL,111,501,452,66,116,15,2,7,33,21,9,35,86,0.257,0.318,0.345,0.6629999999999999,83.0,156,6,7,1,3,1,*8,Jacoby Ellsbury
144,542303,351,7.6,30.2,114.5,91.8,95.8,90.0,434,159,415.0,158,45.0,21,6.0,4.3, Marcell Ozuna,543543,2015,497,347,0.258,0.268,-0.01,0.402,0.39899999999999997,0.003,0.319,0.32799999999999996,-0.009000000000000001, Brad Miller,145,Adeiny Hechavarria\hechaad01,26.0,MIA,NL,130,499,470,54,132,17,6,5,48,7,2,23,78,0.281,0.315,0.374,0.6890000000000001,92.0,176,18,2,0,4,4,*6,Adeiny Hechavarria
145,571740,350,7.0,29.1,104.2,79.6,84.8,75.4,417,164,394.0,30,8.6,2,0.6,0.4, Billy Hamilton,435062,2015,495,384,0.295,0.302,-0.006999999999999999,0.409,0.426,-0.017,0.325,0.33399999999999996,-0.009000000000000001, Howie Kendrick,146,Brad Miller*\millebr02,25.0,SEA,AL,144,497,438,44,113,22,4,11,46,13,4,47,101,0.258,0.32899999999999996,0.402,0.73,105.0,176,7,2,4,6,0,6874D/95,Brad Miller
146,408234,349,12.3,36.4,115.6,93.6,97.3,91.0,465,185,411.0,185,53.0,37,10.6,7.2, Miguel Cabrera,542303,2015,494,351,0.259,0.272,-0.013000000000000001,0.38299999999999995,0.428,-0.045,0.302,0.324,-0.022000000000000002, Marcell Ozuna,147,Howie Kendrick\kendrho01,31.0,LAD,NL,117,495,464,64,137,22,2,9,54,6,2,27,82,0.295,0.336,0.409,0.746,108.0,190,17,2,1,1,1,*4,Howie Kendrick
147,474832,349,15.3,47.0,109.4,89.5,93.6,83.2,475,212,396.0,147,42.1,35,10.0,6.3, Brandon Belt,472528,2015,493,331,0.22399999999999998,0.24,-0.016,0.43799999999999994,0.446,-0.008,0.325,0.336,-0.011000000000000001, Luis Valbuena,148,Marcell Ozuna\ozunama01,24.0,MIA,NL,123,494,459,47,119,27,0,10,44,2,3,30,110,0.259,0.308,0.38299999999999995,0.691,92.0,176,10,3,0,2,1,*89,Marcell Ozuna
148,605113,348,10.3,26.7,107.2,84.0,89.1,80.7,402,171,387.0,77,22.1,6,1.7,1.3, Nick Ahmed,592261,2015,492,335,0.261,0.252,0.009000000000000001,0.374,0.332,0.042,0.317,0.303,0.013999999999999999, Delino DeShields,149,Luis Valbuena*\valbulu01,29.0,HOU,AL,132,493,434,62,97,18,0,25,56,1,0,50,106,0.22399999999999998,0.31,0.43799999999999994,0.748,106.0,190,13,6,0,3,1,53/D4,Luis Valbuena
149,458085,348,10.4,33.0,107.5,87.9,92.0,84.6,435,177,396.0,115,33.0,20,5.7,4.0, Chris Coghlan,476883,2015,491,310,0.243,0.255,-0.012,0.469,0.46299999999999997,0.006,0.33299999999999996,0.336,-0.003, Pedro Alvarez,150,Delino DeShields\deshide02,22.0,TEX,AL,121,492,425,83,111,22,10,2,37,25,8,53,101,0.261,0.344,0.374,0.718,95.0,159,1,3,7,4,1,*87/D4,Delino DeShields
150,592192,348,13.0,30.7,114.2,89.3,93.6,87.6,440,168,403.0,128,36.8,27,7.8,5.6, Mark Canha,592192,2015,485,348,0.254,0.248,0.006,0.426,0.413,0.013000000000000001,0.322,0.315,0.006999999999999999, Mark Canha,151,Pedro Alvarez*\alvarpe01,28.0,PIT,NL,150,491,437,60,106,18,0,27,77,2,0,48,131,0.243,0.318,0.469,0.787,113.0,205,6,2,0,4,9,*3/D,Pedro Alvarez
151,605412,347,11.2,32.3,106.7,86.3,89.9,83.8,422,170,392.0,101,29.1,9,2.6,2.1, Joe Panik,458675,2015,485,282,0.23800000000000002,0.21899999999999997,0.019,0.475,0.41600000000000004,0.059000000000000004,0.33899999999999997,0.31,0.028999999999999998, Colby Rasmus,152,Mark Canha\canhama01,26.0,OAK,AL,124,485,441,61,112,22,3,16,70,7,2,33,96,0.254,0.315,0.426,0.742,105.0,188,9,8,0,3,0,37/9D5,Mark Canha
152,543543,347,8.0,29.1,113.4,89.0,93.1,86.6,436,161,391.0,139,40.1,15,4.3,3.0, Brad Miller,400121,2015,485,395,0.245,0.27399999999999997,-0.028999999999999998,0.366,0.43700000000000006,-0.071,0.28600000000000003,0.32799999999999996,-0.042, Victor Martinez,153,Victor Martinez#\martivi01,36.0,DET,AL,120,485,440,39,108,20,0,11,64,0,0,31,52,0.245,0.301,0.366,0.667,84.0,161,18,7,0,7,8,D3,Victor Martinez#
153,543238,342,4.9,30.7,110.3,85.8,90.2,83.0,435,152,383.0,103,30.1,8,2.3,1.5, Anthony Gose,425560,2015,484,298,0.207,0.21100000000000002,-0.004,0.34,0.37200000000000005,-0.032,0.28300000000000003,0.297,-0.013999999999999999, Adam LaRoche,154,Colby Rasmus*\rasmuco01,28.0,HOU,AL,137,485,432,67,103,23,2,25,61,2,1,47,154,0.23800000000000002,0.314,0.475,0.789,116.0,205,6,2,1,3,0,*789,Colby Rasmus
154,596019,341,3.8,27.3,110.4,87.1,92.6,83.2,405,147,377.0,126,37.0,11,3.2,2.5, Francisco Lindor,456422,2015,482,329,0.23800000000000002,0.24,-0.002,0.282,0.312,-0.03,0.26899999999999996,0.282,-0.013000000000000001, Michael Bourn,155,Adam LaRoche*\larocad01,35.0,CHW,AL,127,484,429,41,89,21,0,12,44,0,0,49,133,0.207,0.293,0.34,0.634,78.0,146,10,4,0,2,0,D3/1,Adam LaRoche
155,592696,341,13.6,30.8,106.2,86.9,91.7,82.2,433,186,400.0,105,30.8,21,6.2,4.4, Eddie Rosario,518692,2015,481,320,0.276,0.31,-0.034,0.47100000000000003,0.574,-0.10300000000000001,0.364,0.41600000000000004,-0.052000000000000005, Freddie Freeman,156,Michael Bourn*\bournmi01,32.0,TOT,MLB,141,482,425,39,101,15,2,0,30,17,7,46,107,0.23800000000000002,0.31,0.282,0.5920000000000001,63.0,120,5,0,8,3,0,*87/9D,Michael Bourn
156,431145,340,9.0,26.8,111.5,88.7,93.7,86.1,437,157,398.0,134,39.4,28,8.2,5.5, Russell Martin,435559,2015,479,384,0.24,0.253,-0.013000000000000001,0.314,0.342,-0.027999999999999997,0.26899999999999996,0.287,-0.018000000000000002, Kurt Suzuki,157,Freddie Freeman*\freemfr01,25.0,ATL,NL,118,481,416,62,115,27,0,18,66,3,1,56,98,0.276,0.37,0.47100000000000003,0.841,132.0,196,6,7,0,2,4,*3/D,Freddie Freeman
157,460576,338,11.9,29.3,111.7,86.4,92.6,82.5,432,175,403.0,112,33.1,17,5.0,3.6, Carlos Gomez,460576,2015,477,338,0.255,0.265,-0.01,0.409,0.41,-0.001,0.315,0.32,-0.005, Carlos Gomez,158,Kurt Suzuki\suzukku01,31.0,MIN,AL,131,479,433,36,104,17,0,5,50,0,0,29,59,0.24,0.29600000000000004,0.314,0.61,69.0,136,14,7,6,4,4,*2,Kurt Suzuki
158,446263,336,19.7,41.1,114.1,91.7,94.3,88.8,456,226,408.0,141,42.0,39,11.6,7.0, Lucas Duda,592696,2015,474,341,0.267,0.23399999999999999,0.033,0.45899999999999996,0.385,0.07400000000000001,0.315,0.27399999999999997,0.040999999999999995, Eddie Rosario,159,Carlos Gomez\gomezca01,29.0,TOT,MLB,115,477,435,61,111,29,1,12,56,17,9,31,101,0.255,0.314,0.409,0.7240000000000001,98.0,178,5,7,3,1,1,*8/D4,Carlos Gomez
159,592261,335,6.7,27.5,108.4,82.1,88.4,77.7,398,165,393.0,74,22.1,4,1.2,0.8, Delino DeShields,501896,2015,470,320,0.257,0.256,0.001,0.42,0.428,-0.008,0.325,0.32899999999999996,-0.004, David Freese,160,Eddie Rosario*\rosared01,23.0,MIN,AL,122,474,453,60,121,18,15,13,50,11,6,15,118,0.267,0.289,0.45899999999999996,0.748,102.0,208,5,0,3,3,3,*79/8,Eddie Rosario
160,456030,334,9.0,27.5,104.7,88.0,91.8,86.0,412,151,391.0,85,25.4,11,3.3,2.6, Dustin Pedroia,596059,2015,470,354,0.261,0.24600000000000002,0.015,0.465,0.385,0.08,0.33399999999999996,0.301,0.033, Rougned Odor,161,David Freese\freesda01,32.0,LAA,AL,121,470,424,53,109,27,0,14,56,1,1,31,107,0.257,0.32299999999999995,0.42,0.743,109.0,178,12,12,0,3,0,*5/D,David Freese
161,434670,334,6.8,29.6,116.6,90.2,94.9,88.5,445,151,403.0,139,41.6,26,7.8,6.0, Hanley Ramirez,435063,2015,469,290,0.22399999999999998,0.218,0.006,0.41,0.401,0.009000000000000001,0.321,0.315,0.006, Mike Napoli,162,Rougned Odor*\odorro01,21.0,TEX,AL,120,470,426,54,111,21,9,16,61,6,7,23,79,0.261,0.316,0.465,0.7809999999999999,107.0,198,3,14,2,5,2,*4,Rougned Odor
162,429667,332,14.6,42.8,110.7,91.2,95.3,85.1,448,202,393.0,151,45.5,39,11.7,7.8, Ryan Howard,628356,2015,467,323,0.287,0.28600000000000003,0.001,0.461,0.47700000000000004,-0.016,0.35600000000000004,0.361,-0.005, Jung Ho Kang,163,Mike Napoli\napolmi01,33.0,TOT,AL,133,469,407,46,91,20,1,18,50,3,3,57,118,0.22399999999999998,0.324,0.41,0.7340000000000001,96.0,167,11,4,0,1,3,*37/D,Mike Napoli
163,472528,331,17.4,38.7,108.3,89.3,93.8,84.5,431,202,391.0,127,38.4,30,9.1,6.1, Luis Valbuena,592663,2015,467,376,0.259,0.292,-0.033,0.406,0.424,-0.018000000000000002,0.298,0.324,-0.026000000000000002, J.T. Realmuto,164,Jung Ho Kang\kangju01,28.0,PIT,NL,126,467,421,60,121,24,2,15,58,5,4,28,99,0.287,0.355,0.461,0.816,123.0,194,10,17,0,1,0,56,Jung Ho Kang
164,493114,331,0.6,24.8,104.9,84.6,88.0,83.4,388,131,371.0,63,19.0,3,0.9,0.8, Norichika Aoki,501571,2015,465,358,0.259,0.26899999999999996,-0.01,0.358,0.358,0.0,0.28,0.28800000000000003,-0.008, Juan Lagares,165,J.T. Realmuto\realmjt01,24.0,MIA,NL,126,467,441,49,114,21,7,10,47,8,4,19,70,0.259,0.29,0.406,0.696,92.0,179,11,2,1,4,2,*2,J.T. Realmuto
165,425766,330,12.0,34.8,109.7,85.5,86.9,85.4,411,163,392.0,71,21.5,4,1.2,1.0, James Loney,407893,2015,462,312,0.255,0.255,0.0,0.5479999999999999,0.494,0.054000000000000006,0.381,0.369,0.012, Mark Teixeira,166,Juan Lagares\lagarju01,26.0,NYM,NL,143,465,441,47,114,16,5,6,41,7,3,16,87,0.259,0.289,0.358,0.647,79.0,158,6,4,1,3,2,*8/9,Juan Lagares
166,500871,330,13.5,34.5,107.6,86.1,90.2,82.6,427,177,399.0,78,23.6,21,6.4,4.7, Eduardo Escobar,474892,2015,460,245,0.19899999999999998,0.205,-0.006,0.42700000000000005,0.441,-0.013999999999999999,0.319,0.327,-0.008, Chris Carter,167,Mark Teixeira#\teixema01,35.0,NYY,AL,111,462,392,57,100,22,0,31,79,2,0,59,85,0.255,0.35700000000000004,0.5479999999999999,0.9059999999999999,144.0,215,7,6,0,5,6,3/D,Mark Teixeira#
167,608365,329,14.2,34.3,109.2,85.9,90.9,82.2,430,182,397.0,91,27.7,17,5.2,3.3, Addison Russell,605113,2015,459,348,0.226,0.22699999999999998,-0.001,0.359,0.309,0.05,0.276,0.261,0.015, Nick Ahmed,168,Chris Carter\cartech02,28.0,HOU,AL,129,460,391,50,78,17,0,24,64,1,2,57,151,0.19899999999999998,0.307,0.42700000000000005,0.7340000000000001,102.0,167,5,6,0,5,1,*3/D,Chris Carter
168,429666,329,9.4,27.1,107.3,86.8,90.8,85.3,424,156,397.0,101,30.7,5,1.5,1.1, J.J. Hardy,576397,2015,458,319,0.247,0.237,0.01,0.397,0.39799999999999996,-0.001,0.301,0.298,0.003, Jedd Gyorko,169,Nick Ahmed\ahmedni01,25.0,ARI,NL,134,459,421,49,95,17,6,9,34,4,5,29,81,0.226,0.275,0.359,0.634,69.0,151,4,1,5,3,1,*6,Nick Ahmed
169,456422,329,6.6,34.3,106.7,83.3,88.5,79.2,388,153,,61,18.5,6,1.8,1.2, Michael Bourn,605125,2015,456,315,0.245,0.254,-0.009000000000000001,0.395,0.397,-0.002,0.298,0.303,-0.005, Cody Asche,170,Jedd Gyorko\gyorkje01,26.0,SDP,NL,128,458,421,34,104,15,0,16,57,0,1,27,107,0.247,0.297,0.397,0.6940000000000001,93.0,167,13,5,0,5,1,46/3D,Jedd Gyorko
170,474568,328,8.2,32.6,107.8,86.6,89.8,84.4,411,160,392.0,96,29.3,7,2.1,1.6, Jordy Mercer,408299,2015,455,377,0.22,0.25,-0.03,0.318,0.311,0.006999999999999999,0.237,0.254,-0.017, Omar Infante,171,Cody Asche*\ascheco01,25.0,PHI,NL,129,456,425,41,104,22,3,12,39,1,2,26,111,0.245,0.294,0.395,0.6890000000000001,90.0,168,4,4,0,1,3,75,Cody Asche
171,519299,326,10.3,32.8,107.5,84.3,86.6,83.4,410,155,410.0,61,18.7,1,0.3,0.2, Eric Sogard,578428,2015,454,379,0.3,0.27,0.03,0.37,0.313,0.057,0.315,0.282,0.033, Jose Iglesias,172,Omar Infante\infanom01,33.0,KCR,AL,124,455,440,39,97,23,7,2,44,2,2,9,69,0.22,0.23399999999999999,0.318,0.552,48.0,140,8,0,2,4,0,*4,Omar Infante
172,461235,324,19.4,36.7,113.7,89.0,94.5,83.1,454,205,405.0,129,39.8,39,12.0,7.4, Brandon Moss,571740,2015,454,350,0.226,0.24600000000000002,-0.02,0.289,0.29600000000000004,-0.006999999999999999,0.251,0.267,-0.016, Billy Hamilton,173,Billy Hamilton#\hamilbi02,24.0,CIN,NL,114,454,412,56,93,8,3,4,28,57,8,28,75,0.226,0.27399999999999997,0.289,0.563,55.0,119,5,1,9,4,0,*8,Billy Hamilton#
173,425567,324,14.8,34.3,109.4,88.3,89.8,88.3,415,181,397.0,102,31.5,9,2.8,2.2, Alex Rios,514917,2015,452,324,0.272,0.272,0.0,0.348,0.337,0.011000000000000001,0.306,0.303,0.003, Cesar Hernandez,174,Jose Iglesias\iglesjo01,25.0,DET,AL,120,454,416,44,125,17,3,2,23,11,8,25,44,0.3,0.34700000000000003,0.37,0.7170000000000001,99.0,154,10,6,4,3,2,*6,Jose Iglesias
174,514917,324,2.4,28.1,107.2,82.7,89.2,78.9,402,137,394.0,87,26.9,4,1.2,0.9, Cesar Hernandez,452234,2015,452,302,0.248,0.259,-0.011000000000000001,0.44299999999999995,0.444,-0.001,0.331,0.33899999999999997,-0.008, Seth Smith,175,Cesar Hernandez#\hernace02,25.0,PHI,NL,127,452,405,57,110,20,4,1,35,19,5,40,86,0.272,0.33899999999999997,0.348,0.687,92.0,141,6,2,4,1,1,465,Cesar Hernandez#
175,444843,323,11.1,39.6,110.9,86.4,91.1,81.5,450,186,404.0,104,32.2,20,6.2,4.5, Andre Ethier,543807,2015,451,284,0.276,0.275,0.001,0.45899999999999996,0.46799999999999997,-0.009000000000000001,0.36,0.363,-0.003, George Springer,176,Seth Smith*\smithse01,32.0,SEA,AL,136,452,395,54,98,31,5,12,42,0,0,47,99,0.248,0.33,0.44299999999999995,0.773,116.0,175,15,4,1,5,4,*79D,Seth Smith
176,628356,323,6.9,33.1,113.1,90.5,95.4,87.3,472,162,415.0,149,46.1,31,9.6,6.6, Jung Ho Kang,543281,2015,449,352,0.287,0.27,0.017,0.39,0.371,0.019,0.313,0.299,0.013999999999999999, Josh Harrison,177,George Springer\springe01,25.0,HOU,AL,102,451,388,59,107,19,2,16,41,16,4,50,109,0.276,0.36700000000000005,0.45899999999999996,0.826,129.0,178,4,8,2,3,0,98,George Springer
177,501896,320,6.1,30.0,114.1,89.0,94.5,86.2,451,149,396.0,123,38.4,24,7.5,5.1, David Freese,500871,2015,446,330,0.262,0.251,0.011000000000000001,0.445,0.41100000000000003,0.034,0.32299999999999995,0.308,0.015, Eduardo Escobar,178,Josh Harrison\harrijo05,27.0,PIT,NL,114,449,418,57,120,29,1,4,28,10,8,19,71,0.287,0.327,0.39,0.7170000000000001,97.0,163,4,7,3,2,1,5497,Josh Harrison
178,518692,320,14.2,44.1,110.0,90.7,94.1,85.9,464,200,405.0,144,45.0,36,11.3,7.5, Freddie Freeman,571506,2015,446,309,0.262,0.244,0.018000000000000002,0.479,0.43799999999999994,0.040999999999999995,0.342,0.32,0.022000000000000002, Justin Bour,179,Justin Bour*\bourju01,27.0,MIA,NL,129,446,409,42,107,20,0,23,73,0,0,34,101,0.262,0.321,0.479,0.8,120.0,196,19,2,0,1,3,*3/D,Justin Bour
179,576397,319,13.9,31.3,109.3,88.7,92.2,85.8,427,174,402.0,112,35.1,20,6.3,4.4, Jedd Gyorko,444843,2015,445,323,0.294,0.29100000000000004,0.003,0.486,0.47600000000000003,0.01,0.366,0.366,0.0, Andre Ethier,180,Eduardo Escobar#\escobed01,26.0,MIN,AL,127,446,409,48,107,31,4,12,58,2,3,28,86,0.262,0.309,0.445,0.754,105.0,182,7,2,2,5,1,674/D59,Eduardo Escobar#
180,452220,319,16.1,28.2,107.2,85.5,89.5,82.0,420,189,379.0,80,25.1,10,3.1,2.3, Stephen Drew,501981,2015,440,273,0.247,0.231,0.016,0.505,0.49,0.015,0.353,0.33899999999999997,0.013999999999999999, Khris Davis,181,Andre Ethier*\ethiean01,33.0,LAD,NL,142,445,395,54,116,20,7,14,53,2,3,43,75,0.294,0.366,0.486,0.852,137.0,192,11,4,0,3,2,*97/8D,Andre Ethier
181,457759,319,13.7,41.7,107.6,89.4,93.0,85.4,432,193,396.0,121,37.9,23,7.2,5.2, Justin Turner,457759,2015,439,319,0.294,0.3,-0.006,0.491,0.489,0.002,0.371,0.374,-0.003, Justin Turner,182,Khris Davis\daviskh01,27.0,MIL,NL,121,440,392,54,97,16,2,27,66,6,2,44,122,0.247,0.32299999999999995,0.505,0.828,123.0,198,9,1,0,3,1,7,Khris Davis
182,461815,318,7.8,29.6,109.5,88.1,90.9,86.9,419,164,385.0,110,34.6,10,3.1,2.6, David Murphy,596019,2015,438,341,0.313,0.293,0.02,0.48200000000000004,0.41100000000000003,0.071,0.358,0.33,0.027999999999999997, Francisco Lindor,183,Justin Turner\turneju01,30.0,LAD,NL,126,439,385,55,113,26,1,16,60,5,2,36,71,0.294,0.37,0.491,0.861,139.0,189,10,13,1,4,1,53/46,Justin Turner
183,400284,317,12.5,33.1,104.9,88.1,91.5,86.6,393,173,377.0,109,34.4,9,2.8,2.1, Chase Utley,400085,2015,438,356,0.22899999999999998,0.244,-0.015,0.27899999999999997,0.289,-0.01,0.25,0.264,-0.013999999999999999, Ichiro Suzuki,184,Francisco Lindor#\lindofr01,21.0,CLE,AL,99,438,390,50,122,22,4,12,51,12,2,27,69,0.313,0.353,0.48200000000000004,0.835,121.0,188,12,1,13,7,0,6/D,Francisco Lindor#
184,572191,317,7.6,33.4,112.7,86.3,93.4,80.6,493,168,413.0,113,35.6,20,6.3,3.9, Michael A. Taylor,429666,2015,437,329,0.21899999999999997,0.223,-0.004,0.311,0.307,0.004,0.248,0.253,-0.005, J.J. Hardy,185,Ichiro Suzuki*\suzukic01,41.0,MIA,NL,153,438,398,45,91,5,6,1,21,11,5,31,51,0.22899999999999998,0.282,0.27899999999999997,0.561,58.0,111,8,0,5,4,1,*97/8D1,Ichiro Suzuki
185,543510,316,8.0,31.0,108.3,87.2,90.4,85.7,427,150,397.0,119,37.7,11,3.5,2.6, James McCann,150229,2015,436,373,0.3,0.28600000000000003,0.013999999999999999,0.43,0.40700000000000003,0.023,0.33299999999999996,0.32299999999999995,0.01, A.J. Pierzynski,186,J.J. Hardy\hardyjj01,32.0,BAL,AL,114,437,411,45,90,14,0,8,37,0,0,20,88,0.21899999999999997,0.253,0.311,0.564,54.0,128,11,0,2,4,0,*6,J.J. Hardy
186,570560,315,6.1,30.2,105.9,84.6,88.7,82.2,393,142,383.0,65,20.6,4,1.3,1.0, Yolmer Sanchez,605412,2015,432,347,0.312,0.289,0.023,0.455,0.405,0.05,0.36200000000000004,0.337,0.025, Joe Panik,187,A.J. Pierzynski*\pierza.01,38.0,ATL,NL,113,436,407,38,122,24,1,9,49,0,2,19,37,0.3,0.33899999999999997,0.43,0.769,112.0,175,19,7,0,3,2,2/D,A.J. Pierzynski
187,605125,315,14.1,34.9,109.0,86.7,91.7,82.7,424,191,400.0,105,33.3,18,5.7,3.9, Cody Asche,448602,2015,432,263,0.23,0.196,0.034,0.39799999999999996,0.371,0.027000000000000003,0.311,0.28600000000000003,0.025, Mark Reynolds,188,Carlos Correa\correca01,20.0,HOU,AL,99,432,387,52,108,22,1,22,68,14,4,40,78,0.27899999999999997,0.345,0.512,0.857,135.0,198,10,1,0,4,2,6,Carlos Correa
188,592626,314,13.5,28.7,114.3,90.5,96.5,86.9,477,184,419.0,142,45.2,37,11.8,6.3, Joc Pederson,621043,2015,432,313,0.27899999999999997,0.285,-0.006,0.512,0.48100000000000004,0.031,0.365,0.358,0.006999999999999999, Carlos Correa,189,Joe Panik*\panikjo01,24.0,SFG,NL,100,432,382,59,119,27,2,8,37,3,2,38,42,0.312,0.37799999999999995,0.455,0.833,129.0,174,7,5,3,4,0,4,Joe Panik
189,518960,314,10.0,37.3,110.3,88.6,92.0,85.7,417,174,406.0,104,33.1,13,4.1,3.1, Jonathan Lucroy,474568,2015,430,328,0.244,0.275,-0.031,0.32,0.373,-0.053,0.265,0.3,-0.035, Jordy Mercer,190,Mark Reynolds\reynoma01,31.0,STL,NL,140,432,382,35,88,21,2,13,48,2,3,44,121,0.23,0.315,0.39799999999999996,0.713,93.0,152,10,4,0,2,2,35/7D49,Mark Reynolds
190,621043,313,8.3,31.6,115.1,89.9,94.3,87.3,469,158,400.0,127,40.6,28,8.9,6.5, Carlos Correa,434670,2015,430,334,0.249,0.266,-0.017,0.426,0.41600000000000004,0.01,0.308,0.315,-0.006999999999999999, Hanley Ramirez,191,Jordy Mercer\mercejo03,28.0,PIT,NL,116,430,394,34,96,21,0,3,34,3,2,27,73,0.244,0.293,0.32,0.613,69.0,126,7,2,4,3,7,*6,Jordy Mercer
191,407893,312,15.4,31.7,111.2,89.5,94.3,85.8,437,189,391.0,128,41.0,30,9.6,6.5, Mark Teixeira,572365,2015,428,305,0.25,0.243,0.006999999999999999,0.354,0.33399999999999996,0.02,0.297,0.29100000000000004,0.006, Ryan Goins,192,Hanley Ramirez\ramirha01,31.0,BOS,AL,105,430,401,59,100,12,1,19,53,6,3,21,71,0.249,0.29100000000000004,0.426,0.7170000000000001,89.0,171,11,4,0,4,2,7D/5,Hanley Ramirez
192,476883,310,6.9,28.7,115.4,91.8,98.4,87.6,479,160,417.0,146,47.1,38,12.3,7.7, Pedro Alvarez,452220,2015,428,319,0.201,0.209,-0.008,0.381,0.321,0.06,0.284,0.268,0.016, Stephen Drew,193,Stephen Drew*\drewst01,32.0,NYY,AL,131,428,383,43,77,16,1,17,44,0,2,37,71,0.201,0.271,0.381,0.652,77.0,146,7,1,4,3,1,*46/5,Stephen Drew
193,475174,309,7.6,33.0,107.8,87.7,91.1,85.5,414,151,396.0,102,33.0,10,3.2,2.5, Yonder Alonso,518735,2015,426,267,0.23399999999999999,0.226,0.008,0.40299999999999997,0.41,-0.006999999999999999,0.335,0.337,-0.002, Yasmani Grandal,194,Ryan Goins*\goinsry01,27.0,TOR,AL,128,428,376,52,94,16,4,5,45,2,1,39,83,0.25,0.318,0.354,0.672,83.0,133,12,1,7,5,0,46/579,Ryan Goins
194,571506,309,9.0,25.9,115.0,90.8,94.8,90.2,452,165,410.0,134,43.4,28,9.1,6.3, Justin Bour,630111,2015,426,297,0.273,0.253,0.02,0.401,0.365,0.036000000000000004,0.307,0.28600000000000003,0.021, Yasmany Tomas,195,Yasmani Grandal#\grandya01,26.0,LAD,NL,115,426,355,43,83,12,0,16,47,0,1,65,92,0.23399999999999999,0.353,0.40299999999999997,0.7559999999999999,112.0,143,16,2,1,3,1,2/3,Yasmani Grandal#
195,571697,307,10.4,34.5,103.6,84.5,88.8,81.7,401,159,389.0,69,22.5,3,1.0,0.8, Scooter Gennett,519306,2015,426,231,0.225,0.218,0.006999999999999999,0.39899999999999997,0.374,0.025,0.316,0.302,0.013999999999999999, Steven Souza Jr.,196,Steven Souza Jr.\souzast01,26.0,TBR,AL,110,426,373,59,84,15,1,16,40,12,6,46,144,0.225,0.318,0.39899999999999997,0.7170000000000001,100.0,149,7,5,1,1,0,9/D,Steven Souza Jr.
196,572365,305,2.9,26.9,106.5,85.5,90.2,83.1,425,136,385.0,98,32.1,8,2.6,1.9, Ryan Goins,456030,2015,425,334,0.29100000000000004,0.259,0.032,0.441,0.377,0.064,0.34700000000000003,0.31,0.037000000000000005, Dustin Pedroia,197,Yasmany Tomas\tomasya01,24.0,ARI,NL,118,426,406,40,111,19,3,9,48,5,2,17,110,0.273,0.305,0.401,0.7070000000000001,88.0,163,16,2,0,1,0,95/73D,Yasmany Tomas
197,430910,302,7.0,25.8,104.9,84.9,87.1,84.2,380,137,,52,17.2,1,0.3,0.3, Brayan Pena,543510,2015,425,316,0.264,0.26,0.004,0.387,0.373,0.013999999999999999,0.297,0.292,0.005, James McCann,198,James McCann\mccanja02,25.0,DET,AL,114,425,401,32,106,18,5,7,41,0,1,16,90,0.264,0.297,0.387,0.6829999999999999,88.0,155,17,3,4,1,0,*2/D,James McCann
198,452234,302,11.3,33.1,110.8,89.5,92.9,86.9,431,181,406.0,127,42.1,24,7.9,5.3, Seth Smith,400284,2015,423,317,0.212,0.254,-0.042,0.34299999999999997,0.37,-0.027000000000000003,0.27399999999999997,0.307,-0.033, Chase Utley,199,Dustin Pedroia\pedrodu01,31.0,BOS,AL,93,425,381,46,111,19,1,12,42,2,2,38,51,0.29100000000000004,0.35600000000000004,0.441,0.797,112.0,168,6,2,1,3,1,4/D,Dustin Pedroia
199,543068,299,12.3,32.4,113.9,88.2,93.5,85.7,457,174,411.0,106,35.5,26,8.7,6.4, C.J. Cron,460086,2015,422,267,0.271,0.261,0.01,0.43200000000000005,0.413,0.019,0.35100000000000003,0.342,0.009000000000000001, Alex Gordon,200,Chase Utley*\utleych01,36.0,TOT,NL,107,423,373,37,79,21,2,8,39,4,0,32,64,0.212,0.28600000000000003,0.34299999999999997,0.629,75.0,128,7,10,0,8,4,4/35D,Chase Utley
200,425560,298,13.4,31.5,109.2,89.1,92.6,87.2,448,180,400.0,106,35.6,24,8.1,5.0, Adam LaRoche,570560,2015,420,315,0.22399999999999998,0.239,-0.015,0.326,0.304,0.022000000000000002,0.262,0.263,-0.001, Yolmer Sanchez,201,Alex Gordon*\gordoal01,31.0,KCR,AL,104,422,354,40,96,18,0,13,48,2,5,49,92,0.271,0.377,0.43200000000000005,0.809,119.0,153,2,14,0,5,7,7/D,Alex Gordon
201,630111,297,4.7,30.6,112.6,89.2,93.7,86.4,410,158,393.0,113,38.0,12,4.0,2.8, Yasmany Tomas,518960,2015,415,314,0.264,0.282,-0.018000000000000002,0.391,0.42,-0.028999999999999998,0.313,0.337,-0.024, Jonathan Lucroy,202,Yolmer Sanchez#\sanchca01,23.0,CHW,AL,120,420,389,40,87,23,1,5,31,2,2,19,81,0.22399999999999998,0.268,0.326,0.595,66.0,127,9,5,6,1,0,*4/D,Yolmer Sanchez#
202,514913,294,11.7,41.2,103.9,84.2,87.4,81.3,405,168,382.0,67,22.8,6,2.0,1.5, Ruben Tejada,457787,2015,412,267,0.24,0.21,0.03,0.409,0.33799999999999997,0.071,0.309,0.272,0.037000000000000005, Danny Espinosa,203,Jonathan Lucroy\lucrojo01,29.0,MIL,NL,103,415,371,51,98,20,3,7,43,1,0,36,64,0.264,0.326,0.391,0.7170000000000001,96.0,145,18,1,1,6,0,2/3D,Jonathan Lucroy
203,150212,292,7.8,32.2,110.4,87.5,92.4,84.6,434,159,407.0,90,30.8,14,4.8,3.4, Michael Cuddyer,425567,2015,411,324,0.255,0.262,-0.006999999999999999,0.353,0.369,-0.016,0.27899999999999997,0.29100000000000004,-0.012, Alex Rios,204,Danny Espinosa#\espinda01,28.0,WSN,NL,118,412,367,59,88,21,1,13,37,5,2,33,106,0.24,0.311,0.409,0.7190000000000001,94.0,150,6,6,3,3,5,45/637,Danny Espinosa#
204,460026,291,11.4,35.1,108.6,88.5,90.8,87.5,449,174,412.0,101,34.7,11,3.8,2.8, Nick Hundley,150212,2015,408,292,0.259,0.257,0.002,0.391,0.389,0.002,0.306,0.306,0.0, Michael Cuddyer,205,Alex Rios\riosal01,34.0,KCR,AL,105,411,385,40,98,22,2,4,32,9,0,15,67,0.255,0.287,0.353,0.64,73.0,136,10,5,0,6,0,9,Alex Rios
205,435063,290,15.9,29.3,111.6,88.5,94.3,83.9,448,186,402.0,112,38.6,24,8.3,5.1, Mike Napoli,514913,2015,407,294,0.261,0.268,-0.006999999999999999,0.35,0.368,-0.018000000000000002,0.303,0.318,-0.015, Ruben Tejada,206,Michael Cuddyer\cuddymi01,36.0,NYM,NL,117,408,379,44,98,18,1,10,41,2,0,24,88,0.259,0.309,0.391,0.6990000000000001,93.0,148,13,4,0,1,0,73/9D,Michael Cuddyer
206,543305,288,10.8,35.1,107.8,87.3,92.3,83.5,431,174,412.0,95,33.0,9,3.1,2.3, Aaron Hicks,543068,2015,404,299,0.262,0.253,0.009000000000000001,0.439,0.44299999999999995,-0.004,0.318,0.317,0.001, C.J. Cron,207,Ruben Tejada\tejadru01,25.0,NYM,NL,116,407,360,36,94,23,0,3,28,2,1,38,70,0.261,0.33799999999999997,0.35,0.688,92.0,126,6,5,2,2,5,654,Ruben Tejada
207,553993,284,13.5,32.7,109.8,87.7,91.2,84.1,423,176,382.0,94,33.1,16,5.6,4.0, Eugenio Suarez,624585,2015,404,248,0.262,0.265,-0.003,0.39899999999999997,0.41700000000000004,-0.018000000000000002,0.312,0.322,-0.01, Jorge Soler,208,C.J. Cron\croncj01,25.0,LAA,AL,113,404,378,37,99,17,1,16,51,3,1,17,82,0.262,0.3,0.439,0.7390000000000001,106.0,166,9,5,0,3,1,3D,C.J. Cron
208,543807,284,8.8,36.3,114.2,89.6,94.9,84.7,428,172,404.0,118,41.5,28,9.9,6.2, George Springer,471083,2015,403,247,0.248,0.239,0.009000000000000001,0.409,0.42200000000000004,-0.013000000000000001,0.32799999999999996,0.33,-0.002, Miguel Montero,209,Jorge Soler\solerjo01,23.0,CHC,NL,101,404,366,39,96,18,1,10,47,3,1,32,121,0.262,0.324,0.39899999999999997,0.723,99.0,146,9,3,0,3,5,9/D,Jorge Soler
209,608070,283,9.4,27.9,106.7,84.8,88.0,83.2,447,164,402.0,68,24.0,5,1.8,1.4, Jose Ramirez,475174,2015,402,309,0.282,0.27699999999999997,0.005,0.381,0.389,-0.008,0.327,0.33299999999999996,-0.006, Yonder Alonso,210,Miguel Montero*\montemi01,31.0,CHC,NL,113,403,347,36,86,11,0,15,53,1,1,49,103,0.248,0.345,0.409,0.754,108.0,142,9,4,0,3,5,*2/D,Miguel Montero
210,458675,282,19.7,36.5,110.3,88.5,93.1,81.4,444,215,388.0,99,35.1,27,9.6,5.6, Colby Rasmus,519299,2015,401,326,0.247,0.27,-0.023,0.304,0.324,-0.02,0.265,0.284,-0.019, Eric Sogard,211,Yonder Alonso*\alonsyo01,28.0,SDP,NL,103,402,354,50,100,18,1,5,31,2,5,42,48,0.282,0.361,0.381,0.742,109.0,135,13,3,0,3,3,3/5,Yonder Alonso
211,346874,281,10.5,28.8,110.5,88.7,92.5,86.8,425,167,403.0,99,35.2,16,5.7,4.0, Juan Uribe,553993,2015,398,284,0.28,0.24,0.04,0.446,0.38299999999999995,0.063,0.32799999999999996,0.287,0.040999999999999995, Eugenio Suarez,212,Eric Sogard*\sogarer01,29.0,OAK,AL,120,401,372,40,92,12,3,1,37,6,1,23,50,0.247,0.294,0.304,0.598,68.0,113,9,2,3,1,1,46/D5,Eric Sogard
212,506560,277,9.3,30.0,104.1,84.6,89.2,80.7,396,159,381.0,45,16.2,3,1.1,0.8, Alexi Amarista,346874,2015,397,281,0.253,0.245,0.008,0.41700000000000004,0.387,0.03,0.319,0.306,0.013000000000000001, Juan Uribe,213,Eugenio Suarez\suareeu01,23.0,CIN,NL,97,398,372,42,104,19,2,13,48,4,1,17,94,0.28,0.315,0.446,0.7609999999999999,106.0,166,7,3,4,2,0,6/5,Eugenio Suarez
213,475582,277,8.0,32.9,111.3,91.7,95.0,89.4,443,168,418.0,133,48.0,29,10.5,7.4, Ryan Zimmerman,493114,2015,392,331,0.287,0.27,0.017,0.38,0.33,0.05,0.325,0.302,0.023, Norichika Aoki,214,Juan Uribe\uribeju01,36.0,TOT,NL,119,397,360,40,91,17,0,14,43,2,0,34,80,0.253,0.32,0.41700000000000004,0.737,103.0,150,12,2,0,1,3,5/4D,Juan Uribe
214,503556,277,9.1,31.8,108.3,86.5,93.2,82.0,408,162,389.0,95,34.3,10,3.6,2.7, Marwin Gonzalez,571697,2015,391,307,0.264,0.253,0.011000000000000001,0.381,0.33399999999999996,0.047,0.289,0.267,0.022000000000000002, Scooter Gennett,215,Nori Aoki*\aokino01,33.0,SFG,NL,93,392,355,42,102,12,3,5,26,14,5,30,25,0.287,0.353,0.38,0.733,103.0,135,8,6,1,0,0,7/9D,Nori Aoki
215,446386,275,13.5,31.3,108.1,86.4,90.8,84.1,417,169,395.0,79,28.7,9,3.3,2.3, Brandon Guyer,461815,2015,391,318,0.28300000000000003,0.265,0.018000000000000002,0.42100000000000004,0.386,0.035,0.318,0.3,0.018000000000000002, David Murphy,216,Scooter Gennett*\gennesc01,25.0,MIL,NL,114,391,375,42,99,18,4,6,29,1,3,12,68,0.264,0.294,0.381,0.675,84.0,143,11,4,0,0,5,4,Scooter Gennett
216,501981,273,12.5,31.9,110.8,89.7,96.1,83.2,453,198,415.0,116,42.5,40,14.7,9.1, Khris Davis,461416,2015,390,257,0.244,0.239,0.005,0.35,0.321,0.028999999999999998,0.295,0.28300000000000003,0.012, Will Venable,217,David Murphy*\murphda07,33.0,TOT,AL,132,391,361,38,102,18,1,10,50,0,2,20,49,0.28300000000000003,0.318,0.42100000000000004,0.7390000000000001,101.0,152,6,1,1,5,1,7D9/1,David Murphy
217,453923,271,9.8,32.5,108.0,85.5,91.5,81.5,434,169,411.0,85,31.4,6,2.2,1.6, Gregor Blanco,543305,2015,390,288,0.256,0.28300000000000003,-0.027000000000000003,0.39799999999999996,0.426,-0.027999999999999997,0.314,0.33799999999999997,-0.024, Aaron Hicks,218,Aaron Hicks#\hicksaa01,25.0,MIN,AL,97,390,352,48,90,11,3,11,33,13,3,34,66,0.256,0.32299999999999995,0.39799999999999996,0.721,98.0,140,6,2,0,2,2,89/7,Aaron Hicks#
218,434658,269,12.0,32.7,109.4,86.0,90.8,83.0,399,170,379.0,76,28.3,8,3.0,2.2, Rajai Davis,475582,2015,390,277,0.249,0.29100000000000004,-0.042,0.465,0.517,-0.052000000000000005,0.32899999999999996,0.371,-0.042, Ryan Zimmerman,219,Jake Lamb*\lambja01,24.0,ARI,NL,107,390,350,38,92,15,5,6,34,3,2,36,97,0.263,0.331,0.386,0.716,92.0,135,5,1,0,3,3,5/3,Jake Lamb
219,502082,269,15.9,31.2,108.9,85.1,89.2,84.0,451,173,392.0,81,30.1,9,3.3,2.5, Lonnie Chisenhall,571875,2015,390,256,0.263,0.26,0.003,0.386,0.392,-0.006,0.312,0.317,-0.005, Jake Lamb,220,Will Venable*\venabwi01,32.0,TOT,MLB,135,390,349,40,85,13,3,6,33,16,1,37,94,0.244,0.32,0.35,0.669,87.0,122,8,2,2,0,3,*879,Will Venable
220,502143,268,6.1,33.6,112.6,91.5,94.9,89.6,441,159,402.0,124,46.3,27,10.1,7.1, Danny Valencia,543228,2015,389,265,0.231,0.242,-0.011000000000000001,0.391,0.42,-0.028999999999999998,0.28300000000000003,0.301,-0.018000000000000002, Yan Gomes,221,Ryan Zimmerman\zimmery01,30.0,WSN,NL,95,390,346,43,86,25,1,16,73,1,0,33,79,0.249,0.308,0.465,0.773,107.0,161,13,1,0,10,0,3/7,Ryan Zimmerman
221,460086,267,15.4,35.2,110.8,88.1,91.3,85.7,468,188,404.0,91,34.1,14,5.2,3.3, Alex Gordon,460026,2015,389,291,0.301,0.25,0.051,0.467,0.365,0.102,0.348,0.28800000000000003,0.06, Nick Hundley,222,Yan Gomes\gomesya01,27.0,CLE,AL,95,389,363,38,84,22,0,12,45,0,0,13,104,0.231,0.267,0.391,0.659,74.0,142,11,7,0,6,1,2/D,Yan Gomes
222,431094,267,12.4,37.1,105.1,88.3,91.3,86.0,437,199,404.0,79,29.6,6,2.2,1.7, Aaron Hill,425766,2015,388,330,0.28,0.267,0.013000000000000001,0.35700000000000004,0.34700000000000003,0.01,0.294,0.29,0.004, James Loney,223,Nick Hundley\hundlni01,31.0,COL,NL,103,389,366,45,110,21,5,10,43,5,6,21,76,0.301,0.33899999999999997,0.467,0.807,104.0,171,8,1,0,1,0,2,Nick Hundley
223,457787,267,10.0,30.3,109.0,83.6,90.0,79.1,421,172,393.0,76,28.5,17,6.4,4.1, Danny Espinosa,572287,2015,386,228,0.174,0.184,-0.01,0.3,0.344,-0.044000000000000004,0.235,0.255,-0.02, Mike Zunino,224,James Loney*\loneyja01,31.0,TBR,AL,104,388,361,25,101,16,0,4,32,2,4,23,34,0.28,0.322,0.35700000000000004,0.68,91.0,129,10,1,0,3,5,3/D,James Loney
224,518735,267,11.2,27.3,115.1,90.0,94.7,87.8,439,173,404.0,113,42.3,24,9.0,5.6, Yasmani Grandal,446386,2015,385,275,0.265,0.242,0.023,0.413,0.361,0.052000000000000005,0.342,0.315,0.027000000000000003, Brandon Guyer,225,Mike Zunino\zuninmi01,24.0,SEA,AL,112,386,350,28,61,11,0,11,28,0,1,21,132,0.174,0.23,0.3,0.53,48.0,105,6,5,8,2,0,*2,Mike Zunino
225,543228,265,17.8,42.6,107.7,87.6,91.0,84.3,432,203,403.0,87,32.8,17,6.4,4.4, Yan Gomes,517370,2015,384,254,0.275,0.242,0.033,0.41600000000000004,0.376,0.04,0.314,0.28600000000000003,0.027999999999999997, Jimmy Paredes,226,Brandon Guyer\guyerbr01,29.0,TBR,AL,128,385,332,51,88,21,2,8,28,10,4,25,61,0.265,0.359,0.413,0.7709999999999999,116.0,137,5,24,3,1,0,*798/D,Brandon Guyer
226,448602,263,13.0,30.0,114.1,87.5,92.3,84.0,451,177,410.0,87,33.1,22,8.4,5.1, Mark Reynolds,502143,2015,378,268,0.29,0.281,0.009000000000000001,0.519,0.489,0.03,0.36700000000000005,0.353,0.013999999999999999, Danny Valencia,227,Jimmy Paredes#\paredji01,26.0,BAL,AL,104,384,363,46,100,17,2,10,42,4,4,19,111,0.275,0.31,0.41600000000000004,0.726,96.0,151,8,0,0,2,0,D/5497,Jimmy Paredes#
227,519208,258,11.6,34.1,113.2,89.6,92.4,87.6,449,180,411.0,92,35.7,12,4.7,3.4, Clint Robinson,456078,2015,378,255,0.237,0.248,-0.011000000000000001,0.45299999999999996,0.475,-0.022000000000000002,0.321,0.33399999999999996,-0.013000000000000001, Welington Castillo,228,Welington Castillo\castiwe01,28.0,TOT,MLB,110,378,342,42,81,15,1,19,57,0,0,25,92,0.237,0.29600000000000004,0.45299999999999996,0.75,99.0,155,12,6,0,5,1,2/D,Welington Castillo
228,461416,257,2.5,27.2,115.2,85.7,88.7,85.3,424,125,397.0,85,33.1,6,2.3,1.5, Will Venable,150029,2015,378,253,0.221,0.24600000000000002,-0.025,0.384,0.424,-0.04,0.3,0.325,-0.025, Jayson Werth,229,Danny Valencia\valenda01,30.0,TOT,AL,105,378,345,59,100,23,1,18,66,2,2,29,80,0.29,0.345,0.519,0.8640000000000001,134.0,179,13,1,1,2,3,57/394D,Danny Valencia
229,571875,256,11.4,32.8,109.3,89.5,92.1,88.1,430,178,399.0,96,37.5,16,6.3,4.1, Jake Lamb,488771,2015,375,225,0.21100000000000002,0.215,-0.004,0.365,0.35100000000000003,0.013999999999999999,0.284,0.282,0.002, Jason Castro,230,Jayson Werth\werthja01,36.0,WSN,NL,88,378,331,51,73,16,1,12,42,0,1,38,84,0.221,0.302,0.384,0.685,85.0,127,8,3,0,6,0,79/D,Jayson Werth
230,456078,255,12.6,37.6,110.5,89.4,93.2,85.8,458,189,405.0,93,36.5,27,10.6,7.1, Welington Castillo,545350,2015,372,244,0.23600000000000002,0.22899999999999998,0.006999999999999999,0.38299999999999995,0.354,0.028999999999999998,0.28800000000000003,0.27699999999999997,0.011000000000000001, Jake Marisnick,231,Jason Castro*\castrja01,28.0,HOU,AL,104,375,337,38,71,19,0,11,31,0,0,33,115,0.21100000000000002,0.28300000000000003,0.365,0.648,79.0,123,5,2,0,3,1,2,Jason Castro
231,517370,254,7.7,32.7,113.8,89.6,94.5,85.7,432,166,390.0,109,42.9,14,5.5,3.6, Jimmy Paredes,453923,2015,372,271,0.29100000000000004,0.281,0.01,0.413,0.39399999999999996,0.019,0.337,0.32899999999999996,0.008, Gregor Blanco,232,Gregor Blanco*\blancgr01,31.0,SFG,NL,115,372,327,59,95,19,3,5,26,13,5,40,59,0.29100000000000004,0.368,0.413,0.7809999999999999,115.0,135,3,2,0,3,7,879,Gregor Blanco
232,150029,253,15.4,35.2,112.7,90.0,94.9,85.4,448,197,408.0,103,40.7,20,7.9,5.3, Jayson Werth,434658,2015,370,269,0.258,0.257,0.001,0.44,0.36,0.08,0.32,0.295,0.025, Rajai Davis,233,Jake Marisnick\marisja01,24.0,HOU,AL,133,372,339,46,80,15,4,9,36,24,9,18,105,0.23600000000000002,0.281,0.38299999999999995,0.665,84.0,130,2,5,6,4,0,*879/D,Jake Marisnick
233,543376,252,15.3,40.9,108.3,87.0,91.3,82.4,426,201,392.0,79,31.3,14,5.6,3.9, Caleb Joseph,503556,2015,370,277,0.27899999999999997,0.255,0.024,0.442,0.377,0.065,0.32899999999999996,0.295,0.034, Marwin Gonzalez,234,Rajai Davis\davisra01,34.0,DET,AL,112,370,341,55,88,16,11,8,30,18,8,22,76,0.258,0.306,0.44,0.746,103.0,150,5,3,1,3,0,879/D,Rajai Davis
234,425796,252,14.1,35.7,108.0,87.9,90.2,87.1,435,178,385.0,84,33.3,12,4.8,3.5, Jeff Francoeur,430910,2015,367,302,0.273,0.253,0.02,0.324,0.305,0.019,0.294,0.282,0.012, Brayan Pena,235,Marwin Gonzalez#\gonzama01,26.0,HOU,AL,120,370,344,44,96,18,1,12,34,4,5,16,74,0.27899999999999997,0.317,0.442,0.759,109.0,152,9,3,7,0,0,36547/D,Marwin Gonzalez#
235,455759,250,19.3,35.2,109.6,85.1,89.7,83.4,438,182,390.0,63,25.2,12,4.8,3.4, Chris Young,457477,2015,365,245,0.262,0.25,0.012,0.42200000000000004,0.364,0.057999999999999996,0.326,0.303,0.023, Alejandro De Aza,236,Brayan Pena#\penabr01,33.0,CIN,NL,108,367,333,17,91,17,0,0,18,2,0,29,34,0.273,0.33399999999999996,0.324,0.659,82.0,108,10,2,2,1,1,2/3D,Brayan Pena#
236,624585,248,10.9,37.5,116.2,91.7,94.8,89.4,427,182,398.0,107,43.1,25,10.1,6.2, Jorge Soler,502082,2015,362,269,0.24600000000000002,0.252,-0.006,0.37200000000000005,0.369,0.003,0.28800000000000003,0.29,-0.002, Lonnie Chisenhall,237,Alejandro De Aza*\deazaal01,31.0,TOT,MLB,114,365,325,51,85,17,7,7,35,7,5,31,84,0.262,0.33299999999999996,0.42200000000000004,0.755,103.0,137,6,5,2,2,3,79/D8,Alejandro De Aza
237,471083,247,12.0,39.3,109.1,88.3,92.4,84.0,432,190,391.0,86,34.8,21,8.5,5.2, Miguel Montero,452095,2015,361,230,0.239,0.215,0.024,0.35600000000000004,0.344,0.012,0.28800000000000003,0.27399999999999997,0.013999999999999999, Tyler Flowers,238,Lonnie Chisenhall*\chiselo01,26.0,CLE,AL,106,362,333,38,82,19,1,7,44,4,1,23,69,0.24600000000000002,0.294,0.37200000000000005,0.667,77.0,124,0,1,2,3,3,95/D,Lonnie Chisenhall
238,543685,245,10.0,33.5,108.3,89.8,92.7,88.4,429,170,404.0,86,35.1,12,4.9,3.4, Anthony Rendon,499624,2015,360,239,0.321,0.26899999999999996,0.052000000000000005,0.52,0.446,0.07400000000000001,0.381,0.33399999999999996,0.047, Chris Colabello,239,Tyler Flowers\flowety01,29.0,CHW,AL,112,361,331,21,79,12,0,9,39,0,1,21,104,0.239,0.295,0.35600000000000004,0.652,82.0,118,8,6,2,1,0,*2/3D,Tyler Flowers
239,474892,245,21.0,33.1,113.8,91.2,97.4,83.5,454,221,407.0,115,46.9,38,15.5,8.3, Chris Carter,506560,2015,357,277,0.204,0.214,-0.01,0.287,0.28800000000000003,-0.001,0.23600000000000002,0.24600000000000002,-0.01, Alexi Amarista,240,Chris Colabello\colabch01,31.0,TOR,AL,101,360,333,55,107,19,1,15,54,2,0,22,96,0.321,0.36700000000000005,0.52,0.8859999999999999,138.0,173,12,3,0,2,0,379D,Chris Colabello
240,457477,245,11.8,37.1,105.4,84.3,89.6,78.4,409,187,380.0,57,23.3,7,2.9,1.9, Alejandro De Aza,455759,2015,356,250,0.252,0.23600000000000002,0.016,0.45299999999999996,0.366,0.087,0.332,0.294,0.038, Chris Young,241,Alexi Amarista*\amarial01,26.0,SDP,NL,118,357,324,28,66,10,4,3,30,5,1,24,55,0.204,0.257,0.287,0.544,53.0,93,6,1,3,5,4,647/851,Alexi Amarista
241,545350,244,11.2,32.4,110.8,83.1,90.1,76.4,422,165,405.0,64,26.2,13,5.3,3.5, Jake Marisnick,543376,2015,355,252,0.23399999999999999,0.247,-0.013000000000000001,0.39399999999999996,0.413,-0.019,0.301,0.317,-0.016, Caleb Joseph,242,Chris Young\youngch04,31.0,NYY,AL,140,356,318,53,80,20,1,14,42,3,1,30,73,0.252,0.32,0.45299999999999996,0.773,109.0,144,6,3,3,2,2,*978/D,Chris Young
242,605486,239,0.3,31.4,110.6,82.8,91.6,76.1,426,154,374.0,77,32.2,3,1.3,0.9, Cory Spangenberg,543685,2015,355,245,0.264,0.272,-0.008,0.363,0.402,-0.039,0.315,0.335,-0.02, Anthony Rendon,243,Caleb Joseph\josepca01,29.0,BAL,AL,100,355,320,38,75,16,1,11,49,0,0,27,72,0.23399999999999999,0.299,0.39399999999999996,0.693,88.0,126,7,3,3,1,2,2/D3,Caleb Joseph
243,499624,239,9.6,34.7,111.6,90.0,94.2,87.4,424,160,401.0,106,44.4,22,9.2,6.1, Chris Colabello,608070,2015,355,283,0.21899999999999997,0.247,-0.027999999999999997,0.34,0.335,0.005,0.28,0.29100000000000004,-0.011000000000000001, Jose Ramirez,244,Jose Ramirez#\ramirjo01,22.0,CLE,AL,97,355,315,50,69,14,3,6,27,10,4,32,39,0.21899999999999997,0.29100000000000004,0.34,0.631,69.0,107,5,1,5,2,0,645/7D,Jose Ramirez#
244,572019,237,10.5,36.3,112.0,88.1,92.3,85.3,444,175,419.0,82,34.6,15,6.3,4.2, Ben Paulsen,572019,2015,354,237,0.27699999999999997,0.258,0.019,0.462,0.4,0.062,0.33799999999999997,0.311,0.027000000000000003, Ben Paulsen,245,Anthony Rendon\rendoan01,25.0,WSN,NL,80,355,311,43,82,16,0,5,25,1,2,36,70,0.264,0.344,0.363,0.7070000000000001,93.0,113,8,4,0,4,0,45,Anthony Rendon
245,519306,231,13.5,28.1,113.2,88.0,94.5,84.3,446,167,404.0,90,39.0,23,10.0,5.4, Steven Souza Jr.,431094,2015,353,267,0.23,0.24100000000000002,-0.011000000000000001,0.345,0.35700000000000004,-0.012,0.281,0.297,-0.016, Aaron Hill,246,Ben Paulsen*\paulsbe01,27.0,COL,NL,116,354,325,42,90,19,4,11,49,1,2,23,92,0.27699999999999997,0.326,0.462,0.787,99.0,150,5,2,1,3,0,37/9,Ben Paulsen
246,452095,230,10.9,28.7,114.2,90.1,92.1,90.3,448,159,411.0,93,40.4,13,5.7,3.6, Tyler Flowers,519208,2015,352,258,0.272,0.281,-0.009000000000000001,0.424,0.44299999999999995,-0.019,0.34,0.35100000000000003,-0.011000000000000001, Clint Robinson,247,Aaron Hill\hillaa01,33.0,ARI,NL,116,353,313,32,72,18,0,6,39,7,2,31,54,0.23,0.295,0.345,0.64,72.0,108,9,1,0,8,0,45/D,Aaron Hill
247,572287,228,19.5,28.9,110.6,86.9,93.7,79.3,452,200,413.0,78,34.2,20,8.8,5.2, Mike Zunino,545341,2015,350,214,0.276,0.257,0.019,0.5479999999999999,0.506,0.042,0.37,0.345,0.025, Randal Grichuk,248,Clint Robinson*\robincl01,30.0,WSN,NL,126,352,309,44,84,15,1,10,34,0,0,37,52,0.272,0.358,0.424,0.782,112.0,131,6,5,0,1,4,379/D1,Clint Robinson
248,488771,225,15.6,36.4,109.5,88.6,91.6,85.1,429,183,373.0,70,31.1,14,6.2,3.7, Jason Castro,605486,2015,345,239,0.271,0.276,-0.005,0.39899999999999997,0.361,0.038,0.319,0.311,0.008, Cory Spangenberg,249,Randal Grichuk\grichra01,23.0,STL,NL,103,350,323,49,89,23,7,17,47,4,2,22,110,0.276,0.32899999999999996,0.5479999999999999,0.877,134.0,177,6,4,0,1,2,789,Randal Grichuk
249,545341,214,15.9,36.0,112.0,92.3,97.9,88.3,438,202,409.0,99,46.3,38,17.8,10.9, Randal Grichuk,425796,2015,343,252,0.258,0.255,0.003,0.433,0.381,0.052000000000000005,0.308,0.29,0.018000000000000002, Jeff Francoeur,250,Cory Spangenberg*\spangco01,24.0,SDP,NL,108,345,303,38,82,17,5,4,21,9,4,28,75,0.271,0.33299999999999996,0.39899999999999997,0.733,105.0,121,4,2,8,3,1,45/98D7,Cory Spangenberg
